object={
	name="tree_leaf_2_high_generator_1_0"
	clamp_to_water_level=no
	render_under_water=no
	generated_content=yes
	layer="tree_high_layer"
	pdxmesh="tree_leaf_01_a_mesh"
	count=468
	transform="4348.746582 0.000000 2211.620605 0.000000 0.574535 0.000000 0.818480 0.480799 0.480799 0.480799
4321.909668 0.000000 2227.463623 0.000000 0.815143 0.000000 -0.579259 0.698098 0.698098 0.698098
4349.063477 0.000000 2208.551025 0.000000 0.571827 0.000000 0.820374 0.520739 0.520739 0.520739
4332.103516 0.000000 2230.736816 0.000000 0.621207 0.000000 -0.783647 0.713308 0.713308 0.713308
4348.274902 0.000000 2217.145264 0.000000 0.573219 0.000000 -0.819402 0.799960 0.799960 0.799960
4338.725098 0.000000 2219.081299 0.000000 0.794842 0.000000 -0.606817 0.660557 0.660557 0.660557
4320.013672 0.000000 2226.757324 0.000000 0.175059 0.000000 -0.984558 0.821472 0.821472 0.821472
4341.478027 0.000000 2232.147217 0.000000 0.986270 0.000000 0.165139 0.578132 0.578132 0.578132
4350.815430 0.000000 2225.781738 0.000000 0.984216 0.000000 0.176974 0.554962 0.554962 0.554962
4342.529785 0.000000 2240.205322 0.000000 0.767778 0.000000 0.640716 0.528122 0.528122 0.528122
4327.404297 0.000000 2265.036865 0.000000 0.964184 0.000000 0.265236 0.580296 0.580296 0.580296
4325.096680 0.000000 2263.051514 0.000000 0.794092 0.000000 0.607798 0.528564 0.528564 0.528564
4327.952637 0.000000 2262.134521 0.000000 0.957307 0.000000 0.289072 0.557390 0.557390 0.557390
4341.198730 0.000000 2242.496094 0.000000 0.827553 0.000000 -0.561387 0.643750 0.643750 0.643750
4324.867676 0.000000 2265.991943 0.000000 0.308159 0.000000 0.951335 0.530303 0.530303 0.530303
4326.783203 0.000000 2263.437500 0.000000 0.998494 0.000000 -0.054869 0.607976 0.607976 0.607976
4340.883789 0.000000 2240.783203 0.000000 0.980436 0.000000 -0.196839 0.631163 0.631163 0.631163
4372.434570 0.000000 2234.515137 0.000000 0.677919 0.000000 0.735136 0.536908 0.536908 0.536908
4403.165527 0.000000 2212.303223 0.000000 0.810975 0.000000 -0.585081 0.623404 0.623404 0.623404
4411.926270 0.000000 2219.278320 0.000000 0.848169 0.000000 -0.529725 0.780632 0.780632 0.780632
4362.841309 0.000000 2213.276855 0.000000 0.060624 0.000000 -0.998161 0.647504 0.647504 0.647504
4404.142090 0.000000 2221.788086 0.000000 0.808262 0.000000 -0.588823 0.647155 0.647155 0.647155
4413.635742 0.000000 2226.554932 0.000000 0.204100 0.000000 -0.978950 0.959929 0.959929 0.959929
4408.162598 0.000000 2215.064941 0.000000 0.013778 0.000000 0.999905 0.131207 0.131207 0.131207
4414.827637 0.000000 2231.538574 0.000000 0.788815 0.000000 -0.614631 0.738811 0.738811 0.738811
4403.339355 0.000000 2217.175293 0.000000 0.551366 0.000000 0.834264 0.313239 0.313239 0.313239
4392.827637 0.000000 2218.992432 0.000000 0.530209 0.000000 0.847867 0.515114 0.515114 0.515114
4399.642578 0.000000 2214.917480 0.000000 0.176497 0.000000 0.984301 0.193002 0.193002 0.193002
4413.778809 0.000000 2215.614014 0.000000 0.692027 0.000000 -0.721871 0.908061 0.908061 0.908061
4412.360352 0.000000 2223.792480 0.000000 0.996240 0.000000 -0.086633 0.604808 0.604808 0.604808
4374.590820 0.000000 2232.543945 0.000000 0.898039 0.000000 -0.439915 0.648444 0.648444 0.648444
4410.090332 0.000000 2210.662354 0.000000 0.681005 0.000000 0.732279 0.563076 0.563076 0.563076
4409.884766 0.000000 2217.354736 0.000000 0.984490 0.000000 -0.175444 0.659174 0.659174 0.659174
4402.241699 0.000000 2214.668945 0.000000 0.907451 0.000000 -0.420159 0.726659 0.726659 0.726659
4365.037598 0.000000 2214.419922 0.000000 0.989395 0.000000 0.145252 0.578602 0.578602 0.578602
4372.652344 0.000000 2217.824951 0.000000 0.911549 0.000000 -0.411192 0.657764 0.657764 0.657764
4397.539062 0.000000 2216.355713 0.000000 0.896003 0.000000 -0.444048 0.706139 0.706139 0.706139
4415.100586 0.000000 2233.987305 0.000000 0.862010 0.000000 -0.506892 0.744123 0.744123 0.744123
4415.368652 0.000000 2211.826904 0.000000 0.886832 0.000000 0.462091 0.565462 0.565462 0.565462
4397.057129 0.000000 2214.158447 0.000000 0.127602 0.000000 0.991825 0.215292 0.215292 0.215292
4414.555176 0.000000 2224.475098 0.000000 0.096922 0.000000 -0.995292 0.893602 0.893602 0.893602
4374.445312 0.000000 2235.571289 0.000000 0.988101 0.000000 -0.153806 0.621974 0.621974 0.621974
4413.345703 0.000000 2220.941406 0.000000 0.073126 0.000000 0.997323 0.337533 0.337533 0.337533
4412.267090 0.000000 2217.145264 0.000000 0.963818 0.000000 -0.266563 0.703066 0.703066 0.703066
4410.226562 0.000000 2228.389404 0.000000 0.012224 0.000000 -0.999925 0.765759 0.765759 0.765759
4409.147949 0.000000 2220.998291 0.000000 0.998996 0.000000 -0.044790 0.604362 0.604362 0.604362
4413.954102 0.000000 2213.489990 0.000000 0.870513 0.000000 0.492146 0.458179 0.458179 0.458179
4362.074219 0.000000 2215.243164 0.000000 0.995977 0.000000 0.089611 0.583736 0.583736 0.583736
4412.863281 0.000000 2230.997559 0.000000 0.973945 0.000000 0.226785 0.564018 0.564018 0.564018
4402.717285 0.000000 2219.081299 0.000000 0.819921 0.000000 0.572476 0.485872 0.485872 0.485872
4399.192871 0.000000 2219.157959 0.000000 0.266497 0.000000 0.963836 0.414858 0.414858 0.414858
4409.953613 0.000000 2219.203857 0.000000 0.872153 0.000000 0.489233 0.480542 0.480542 0.480542
4406.873047 0.000000 2213.768311 0.000000 0.994661 0.000000 0.103193 0.583121 0.583121 0.583121
4408.142090 0.000000 2216.971436 0.000000 0.144246 0.000000 0.989542 0.121510 0.121510 0.121510
4411.063965 0.000000 2212.234375 0.000000 0.394694 0.000000 -0.918812 0.846070 0.846070 0.846070
4378.588867 0.000000 2226.975830 0.000000 0.982407 0.000000 0.186753 0.578895 0.578895 0.578895
4412.187500 0.000000 2225.478027 0.000000 0.869084 0.000000 0.494664 0.525590 0.525590 0.525590
4392.296387 0.000000 2223.404785 0.000000 0.332160 0.000000 -0.943223 0.989454 0.989454 0.989454
4363.714355 0.000000 2215.405273 0.000000 0.478354 0.000000 0.878167 0.405698 0.405698 0.405698
4411.116211 0.000000 2232.672852 0.000000 0.998348 0.000000 -0.057449 0.609471 0.609471 0.609471
4409.371094 0.000000 2214.115967 0.000000 0.759214 0.000000 -0.650841 0.813375 0.813375 0.813375
4398.477539 0.000000 2217.639160 0.000000 0.526983 0.000000 -0.849876 0.854094 0.854094 0.854094
4401.409180 0.000000 2218.263184 0.000000 0.417628 0.000000 -0.908618 0.782711 0.782711 0.782711
4408.822754 0.000000 2218.291016 0.000000 0.285691 0.000000 0.958322 0.300644 0.300644 0.300644
4394.530762 0.000000 2216.728271 0.000000 0.595604 0.000000 0.803278 0.393209 0.393209 0.393209
4407.232910 0.000000 2217.967773 0.000000 0.961494 0.000000 -0.274827 0.681322 0.681322 0.681322
4412.940918 0.000000 2214.452881 0.000000 0.702366 0.000000 0.711816 0.297448 0.297448 0.297448
4404.800781 0.000000 2217.965332 0.000000 0.991612 0.000000 0.129250 0.562141 0.562141 0.562141
4414.807617 0.000000 2225.781738 0.000000 0.805348 0.000000 0.592803 0.473585 0.473585 0.473585
4414.945801 0.000000 2215.023193 0.000000 0.643703 0.000000 -0.765276 0.932877 0.932877 0.932877
4417.436523 0.000000 2218.480225 0.000000 0.711741 0.000000 0.702442 0.350343 0.350343 0.350343
4431.901855 0.000000 2220.826904 0.000000 0.858851 0.000000 0.512225 0.590333 0.590333 0.590333
4452.809082 0.000000 2208.599121 0.000000 0.909773 0.000000 0.415107 0.591664 0.591664 0.591664
4465.822754 0.000000 2235.861328 0.000000 0.271597 0.000000 0.962411 0.563122 0.563122 0.563122
4415.961914 0.000000 2226.585449 0.000000 0.321911 0.000000 0.946770 0.261116 0.261116 0.261116
4476.730957 0.000000 2211.620605 0.000000 0.813153 0.000000 0.582051 0.487399 0.487399 0.487399
4468.134277 0.000000 2221.788086 0.000000 0.032308 0.000000 -0.999478 0.908808 0.908808 0.908808
4460.676758 0.000000 2211.858398 0.000000 0.335939 0.000000 0.941884 0.346115 0.346115 0.346115
4449.128418 0.000000 2216.337402 0.000000 0.991473 0.000000 0.130311 0.561828 0.561828 0.561828
4420.713867 0.000000 2213.500977 0.000000 0.298555 0.000000 0.954392 0.355055 0.355055 0.355055
4477.627930 0.000000 2226.554932 0.000000 0.260294 0.000000 0.965529 0.347354 0.347354 0.347354
4440.868164 0.000000 2212.199463 0.000000 0.748354 0.000000 0.663300 0.422929 0.422929 0.422929
4473.764160 0.000000 2207.457764 0.000000 0.825164 0.000000 -0.564893 0.608093 0.608093 0.608093
4419.718262 0.000000 2222.829834 0.000000 0.390493 0.000000 0.920606 0.190027 0.190027 0.190027
4423.627441 0.000000 2209.652100 0.000000 0.704254 0.000000 -0.709948 0.614190 0.614190 0.614190
4467.331543 0.000000 2217.175293 0.000000 0.919723 0.000000 0.392569 0.543196 0.543196 0.543196
4416.760742 0.000000 2232.014648 0.000000 0.802885 0.000000 0.596134 0.401965 0.401965 0.401965
4441.713867 0.000000 2221.854248 0.000000 0.998092 0.000000 -0.061750 0.602869 0.602869 0.602869
4446.187500 0.000000 2219.662842 0.000000 0.933577 0.000000 0.358376 0.514900 0.514900 0.514900
4427.519531 0.000000 2221.122803 0.000000 0.994992 0.000000 0.099951 0.597001 0.597001 0.597001
4451.474609 0.000000 2212.609375 0.000000 0.861981 0.000000 0.506941 0.506827 0.506827 0.506827
4456.874512 0.000000 2209.901855 0.000000 0.556272 0.000000 0.831000 0.547104 0.547104 0.547104
4435.009277 0.000000 2209.595947 0.000000 0.658446 0.000000 0.752628 0.559158 0.559158 0.559158
4477.770996 0.000000 2215.614014 0.000000 0.513031 0.000000 0.858370 0.298532 0.298532 0.298532
4471.749023 0.000000 2219.226807 0.000000 0.922273 0.000000 -0.386539 0.616051 0.616051 0.616051
4415.668457 0.000000 2221.904053 0.000000 0.949385 0.000000 -0.314116 0.662221 0.662221 0.662221
4427.061523 0.000000 2217.049561 0.000000 0.551657 0.000000 0.834071 0.365057 0.365057 0.365057
4431.243164 0.000000 2212.367188 0.000000 0.991264 0.000000 0.131892 0.563344 0.563344 0.563344
4427.244141 0.000000 2208.636230 0.000000 0.261066 0.000000 -0.965321 0.641103 0.641103 0.641103
4423.898438 0.000000 2215.394287 0.000000 0.821591 0.000000 -0.570077 0.777185 0.777185 0.777185
4437.679199 0.000000 2211.736816 0.000000 0.703154 0.000000 0.711038 0.474409 0.474409 0.474409
4477.047852 0.000000 2208.551025 0.000000 0.975534 0.000000 0.219848 0.586387 0.586387 0.586387
4417.923340 0.000000 2212.165771 0.000000 0.142883 0.000000 0.989740 0.292102 0.292102 0.292102
4469.095215 0.000000 2214.721436 0.000000 0.622622 0.000000 -0.782522 0.831546 0.831546 0.831546
4474.607910 0.000000 2226.195068 0.000000 0.977706 0.000000 -0.209977 0.677955 0.677955 0.677955
4474.901367 0.000000 2214.089355 0.000000 0.019660 0.000000 -0.999807 1.036816 1.036816 1.036816
4457.878418 0.000000 2212.802734 0.000000 0.349444 0.000000 0.936957 0.252721 0.252721 0.252721
4443.754883 0.000000 2212.800049 0.000000 0.984797 0.000000 -0.173711 0.635045 0.635045 0.635045
4428.630371 0.000000 2211.071777 0.000000 0.492523 0.000000 -0.870300 0.756571 0.756571 0.756571
4420.145508 0.000000 2219.989746 0.000000 0.651810 0.000000 0.758382 0.427213 0.427213 0.427213
4417.095215 0.000000 2229.188477 0.000000 0.163811 0.000000 -0.986492 0.901223 0.901223 0.901223
4479.080566 0.000000 2219.178467 0.000000 0.443866 0.000000 -0.896093 0.694850 0.694850 0.694850
4421.206055 0.000000 2210.849365 0.000000 0.316838 0.000000 -0.948480 0.689761 0.689761 0.689761
4451.922852 0.000000 2215.215088 0.000000 0.274728 0.000000 -0.961522 0.967851 0.967851 0.967851
4419.306641 0.000000 2231.350830 0.000000 0.233814 0.000000 0.972281 0.378063 0.378063 0.378063
4417.426758 0.000000 2224.366455 0.000000 0.514173 0.000000 0.857687 0.227897 0.227897 0.227897
4470.051270 0.000000 2217.228760 0.000000 0.309311 0.000000 0.950961 0.417457 0.417457 0.417457
4443.770508 0.000000 2210.184814 0.000000 0.808074 0.000000 0.589081 0.549990 0.549990 0.549990
4415.669922 0.000000 2216.742432 0.000000 0.370124 0.000000 0.928982 0.144822 0.144822 0.144822
4418.427734 0.000000 2226.705566 0.000000 0.770639 0.000000 -0.637271 0.658995 0.658995 0.658995
4429.029785 0.000000 2214.419922 0.000000 0.802755 0.000000 0.596309 0.413381 0.413381 0.413381
4433.650391 0.000000 2211.670410 0.000000 0.651616 0.000000 0.758549 0.459407 0.459407 0.459407
4436.644531 0.000000 2217.824951 0.000000 0.022369 0.000000 0.999750 0.272960 0.272960 0.272960
4417.952637 0.000000 2220.935791 0.000000 0.946465 0.000000 -0.322806 0.691579 0.691579 0.691579
4461.531250 0.000000 2216.355713 0.000000 0.630385 0.000000 -0.776283 0.742447 0.742447 0.742447
4444.976562 0.000000 2217.391357 0.000000 0.969756 0.000000 0.244078 0.527978 0.527978 0.527978
4479.360840 0.000000 2211.826904 0.000000 0.878447 0.000000 -0.477840 0.681342 0.681342 0.681342
4438.849121 0.000000 2213.763184 0.000000 0.509042 0.000000 0.860742 0.328235 0.328235 0.328235
4446.945801 0.000000 2221.962158 0.000000 0.077999 0.000000 0.996953 0.430065 0.430065 0.430065
4447.270996 0.000000 2217.690430 0.000000 0.507868 0.000000 -0.861435 0.903222 0.903222 0.903222
4426.433105 0.000000 2219.143555 0.000000 0.291222 0.000000 0.956656 0.441445 0.441445 0.441445
4452.967773 0.000000 2210.964355 0.000000 0.995269 0.000000 -0.097160 0.609621 0.609621 0.609621
4476.259277 0.000000 2217.145264 0.000000 0.915313 0.000000 -0.402742 0.680718 0.680718 0.680718
4458.905762 0.000000 2210.645508 0.000000 0.460933 0.000000 -0.887435 0.819139 0.819139 0.819139
4415.569336 0.000000 2219.462402 0.000000 0.449126 0.000000 -0.893468 1.022082 1.022082 1.022082
4424.958496 0.000000 2217.211670 0.000000 0.999454 0.000000 0.033034 0.591438 0.591438 0.591438
4426.066406 0.000000 2215.243164 0.000000 0.387533 0.000000 0.921856 0.257417 0.257417 0.257417
4462.769043 0.000000 2213.080811 0.000000 0.946061 0.000000 0.323990 0.503625 0.503625 0.503625
4441.551270 0.000000 2219.656738 0.000000 0.972908 0.000000 0.231193 0.562606 0.562606 0.562606
4462.168945 0.000000 2210.519043 0.000000 0.412018 0.000000 -0.911176 0.864390 0.864390 0.864390
4421.793945 0.000000 2215.321777 0.000000 0.289968 0.000000 0.957036 0.227109 0.227109 0.227109
4430.585449 0.000000 2210.442139 0.000000 0.013545 0.000000 -0.999908 0.856592 0.856592 0.856592
4422.954102 0.000000 2217.135986 0.000000 0.908494 0.000000 0.417898 0.482464 0.482464 0.482464
4419.089844 0.000000 2233.388428 0.000000 0.034006 0.000000 0.999422 0.468786 0.468786 0.468786
4446.499023 0.000000 2213.189941 0.000000 0.773909 0.000000 0.633297 0.513708 0.513708 0.513708
4447.438965 0.000000 2215.375244 0.000000 0.284489 0.000000 -0.958679 0.911174 0.911174 0.911174
4435.642090 0.000000 2211.431152 0.000000 0.747378 0.000000 0.664399 0.483527 0.483527 0.483527
4433.739258 0.000000 2216.022461 0.000000 0.826054 0.000000 0.563591 0.481616 0.481616 0.481616
4453.678711 0.000000 2215.790527 0.000000 0.868563 0.000000 0.495579 0.448548 0.448548 0.448548
4468.228516 0.000000 2229.016602 0.000000 0.591210 0.000000 0.806518 0.429945 0.429945 0.429945
4419.214355 0.000000 2224.807617 0.000000 0.156312 0.000000 -0.987708 0.809665 0.809665 0.809665
4436.870117 0.000000 2214.080322 0.000000 0.719058 0.000000 -0.694950 0.824432 0.824432 0.824432
4470.865234 0.000000 2213.768311 0.000000 0.965250 0.000000 0.261329 0.522770 0.522770 0.522770
4419.273438 0.000000 2218.244873 0.000000 0.877092 0.000000 0.480323 0.486675 0.486675 0.486675
4475.056152 0.000000 2212.234375 0.000000 0.525568 0.000000 -0.850752 0.897183 0.897183 0.897183
4418.781738 0.000000 2229.656982 0.000000 0.406815 0.000000 -0.913511 0.750107 0.750107 0.750107
4417.190918 0.000000 2213.774414 0.000000 0.578989 0.000000 -0.815336 0.805630 0.805630 0.805630
4430.825684 0.000000 2214.150146 0.000000 0.537872 0.000000 -0.843026 0.892939 0.892939 0.892939
4417.641602 0.000000 2222.627441 0.000000 0.999904 0.000000 -0.013836 0.605264 0.605264 0.605264
4420.028320 0.000000 2215.204834 0.000000 0.993222 0.000000 -0.116235 0.634029 0.634029 0.634029
4473.863281 0.000000 2215.580566 0.000000 0.176694 0.000000 0.984266 0.222277 0.222277 0.222277
4464.348633 0.000000 2209.539551 0.000000 0.993393 0.000000 -0.114765 0.612749 0.612749 0.612749
4469.487793 0.000000 2210.690674 0.000000 0.211040 0.000000 -0.977477 0.894991 0.894991 0.894991
4476.022461 0.000000 2227.247803 0.000000 0.650768 0.000000 0.759277 0.433394 0.433394 0.433394
4427.706543 0.000000 2215.405273 0.000000 0.939179 0.000000 -0.343428 0.702398 0.702398 0.702398
4415.799316 0.000000 2224.686035 0.000000 0.979619 0.000000 0.200864 0.559709 0.559709 0.559709
4456.620605 0.000000 2211.677002 0.000000 0.600476 0.000000 0.799643 0.437589 0.437589 0.437589
4470.939453 0.000000 2229.011963 0.000000 0.754358 0.000000 0.656463 0.451968 0.451968 0.451968
4454.520508 0.000000 2210.452393 0.000000 0.738866 0.000000 -0.673852 0.704113 0.704113 0.704113
4422.412598 0.000000 2213.785645 0.000000 0.808932 0.000000 0.587903 0.465381 0.465381 0.465381
4470.517090 0.000000 2215.604492 0.000000 0.944566 0.000000 -0.328321 0.687191 0.687191 0.687191
4460.577148 0.000000 2210.196777 0.000000 0.533258 0.000000 0.845953 0.391560 0.391560 0.391560
4476.421875 0.000000 2213.202637 0.000000 0.977707 0.000000 -0.209976 0.658941 0.658941 0.658941
4476.192383 0.000000 2210.099365 0.000000 0.998324 0.000000 0.057871 0.589505 0.589505 0.589505
4473.363281 0.000000 2214.115967 0.000000 0.834647 0.000000 -0.550785 0.758148 0.758148 0.758148
4444.109863 0.000000 2216.180664 0.000000 0.410713 0.000000 0.911765 0.264802 0.264802 0.264802
4430.138184 0.000000 2217.460938 0.000000 0.418837 0.000000 0.908061 0.361217 0.361217 0.361217
4445.034180 0.000000 2213.599365 0.000000 0.849062 0.000000 -0.528293 0.681706 0.681706 0.681706
4432.712402 0.000000 2212.876465 0.000000 0.315503 0.000000 0.948925 0.255529 0.255529 0.255529
4448.815918 0.000000 2214.811768 0.000000 0.614149 0.000000 0.789190 0.368400 0.368400 0.368400
4416.474121 0.000000 2220.616699 0.000000 0.721832 0.000000 -0.692068 0.812959 0.812959 0.812959
4436.333496 0.000000 2212.717285 0.000000 0.763063 0.000000 0.646324 0.409465 0.409465 0.409465
4418.553223 0.000000 2219.580811 0.000000 0.888910 0.000000 -0.458082 0.707628 0.707628 0.707628
4450.516602 0.000000 2215.736084 0.000000 0.616844 0.000000 0.787085 0.342127 0.342127 0.342127
4417.197266 0.000000 2225.806396 0.000000 0.366489 0.000000 0.930422 0.168401 0.168401 0.168401
4478.039062 0.000000 2211.037109 0.000000 0.224937 0.000000 0.974373 0.380573 0.380573 0.380573
4423.631836 0.000000 2220.479736 0.000000 0.657016 0.000000 -0.753877 0.912111 0.912111 0.912111
4465.752441 0.000000 2211.708496 0.000000 0.668490 0.000000 0.743722 0.407802 0.407802 0.407802
4470.944336 0.000000 2212.171631 0.000000 0.996346 0.000000 -0.085406 0.624977 0.624977 0.624977
4439.177246 0.000000 2217.220703 0.000000 0.322130 0.000000 -0.946695 0.884833 0.884833 0.884833
4439.532227 0.000000 2215.051758 0.000000 0.092302 0.000000 0.995731 0.168176 0.168176 0.168176
4451.330566 0.000000 2218.494629 0.000000 0.622241 0.000000 0.782826 0.403348 0.403348 0.403348
4435.478027 0.000000 2217.028564 0.000000 0.467184 0.000000 0.884160 0.382278 0.382278 0.382278
4462.148438 0.000000 2215.059326 0.000000 0.857546 0.000000 -0.514407 0.742447 0.742447 0.742447
4457.710449 0.000000 2217.904297 0.000000 0.985068 0.000000 0.172167 0.563714 0.563714 0.563714
4443.704590 0.000000 2217.916748 0.000000 0.951596 0.000000 -0.307353 0.691254 0.691254 0.691254
4452.836914 0.000000 2212.347412 0.000000 0.965769 0.000000 -0.259403 0.657387 0.657387 0.657387
4458.522949 0.000000 2216.728271 0.000000 0.323719 0.000000 0.946153 0.365749 0.365749 0.365749
4452.017578 0.000000 2213.869629 0.000000 0.962601 0.000000 -0.270923 0.660000 0.660000 0.660000
4462.169922 0.000000 2211.894287 0.000000 0.321224 0.000000 -0.947003 0.886915 0.886915 0.886915
4418.555664 0.000000 2223.615723 0.000000 0.333088 0.000000 0.942896 0.168439 0.168439 0.168439
4416.099121 0.000000 2218.001465 0.000000 0.998399 0.000000 0.056562 0.581859 0.581859 0.581859
4478.937012 0.000000 2216.321045 0.000000 0.601824 0.000000 -0.798629 0.791213 0.791213 0.791213
4456.372559 0.000000 2217.609863 0.000000 0.361880 0.000000 0.932225 0.348240 0.348240 0.348240
4415.524902 0.000000 2232.493164 0.000000 0.362110 0.000000 -0.932135 0.925422 0.925422 0.925422
4446.071289 0.000000 2218.217773 0.000000 0.987702 0.000000 0.156346 0.563550 0.563550 0.563550
4381.564453 0.000000 2279.025635 0.000000 0.554006 0.000000 -0.832512 0.720819 0.720819 0.720819
4359.051758 0.000000 2286.101562 0.000000 0.608699 0.000000 0.793402 0.542348 0.542348 0.542348
4374.590820 0.000000 2296.528320 0.000000 0.305380 0.000000 -0.952231 0.987056 0.987056 0.987056
4381.925293 0.000000 2246.154785 0.000000 0.912195 0.000000 -0.409757 0.696758 0.696758 0.696758
4352.478027 0.000000 2268.943604 0.000000 0.413142 0.000000 0.910667 0.277585 0.277585 0.277585
4397.779785 0.000000 2284.401367 0.000000 0.893391 0.000000 0.449279 0.528807 0.528807 0.528807
4374.894043 0.000000 2261.149414 0.000000 0.986502 0.000000 -0.163750 0.645830 0.645830 0.645830
4381.318359 0.000000 2247.852539 0.000000 0.991241 0.000000 -0.132064 0.630355 0.630355 0.630355
4372.963867 0.000000 2296.654053 0.000000 0.786924 0.000000 0.617050 0.409744 0.409744 0.409744
4395.230469 0.000000 2285.987793 0.000000 0.984723 0.000000 -0.174127 0.632771 0.632771 0.632771
4432.053711 0.000000 2243.207764 0.000000 0.308471 0.000000 -0.951234 0.873066 0.873066 0.873066
4473.764160 0.000000 2271.442139 0.000000 0.818280 0.000000 -0.574820 0.619264 0.619264 0.619264
4419.718262 0.000000 2286.814209 0.000000 0.337544 0.000000 -0.941310 0.822300 0.822300 0.822300
4435.824707 0.000000 2243.083740 0.000000 0.068726 0.000000 0.997636 0.327761 0.327761 0.327761
4447.664551 0.000000 2303.202393 0.000000 0.998927 0.000000 -0.046306 0.609367 0.609367 0.609367
4446.321289 0.000000 2300.422852 0.000000 0.973593 0.000000 -0.228292 0.667277 0.667277 0.667277
4478.341797 0.000000 2258.045654 0.000000 0.372782 0.000000 0.927919 0.421928 0.421928 0.421928
4430.243164 0.000000 2242.868164 0.000000 0.652908 0.000000 0.757438 0.490580 0.490580 0.490580
4449.844238 0.000000 2241.475586 0.000000 0.218050 0.000000 0.975938 0.375372 0.375372 0.375372
4447.814453 0.000000 2301.352051 0.000000 0.795946 0.000000 -0.605368 0.789929 0.789929 0.789929
4490.825684 0.000000 2213.276855 0.000000 0.818421 0.000000 -0.574619 0.647681 0.647681 0.647681
4488.014160 0.000000 2225.336914 0.000000 0.972554 0.000000 -0.232676 0.641507 0.641507 0.641507
4484.706055 0.000000 2213.500977 0.000000 0.867792 0.000000 -0.496928 0.719188 0.719188 0.719188
4494.821777 0.000000 2216.128662 0.000000 0.996948 0.000000 -0.078068 0.601171 0.601171 0.601171
4479.487305 0.000000 2214.270020 0.000000 0.999312 0.000000 0.037081 0.589166 0.589166 0.589166
4491.053711 0.000000 2217.049561 0.000000 0.481138 0.000000 -0.876645 0.825749 0.825749 0.825749
4487.890625 0.000000 2215.394287 0.000000 0.954657 0.000000 0.297708 0.511702 0.511702 0.511702
4487.036133 0.000000 2222.117188 0.000000 0.998652 0.000000 -0.051913 0.614548 0.614548 0.614548
4484.861816 0.000000 2225.761963 0.000000 0.480914 0.000000 0.876768 0.431849 0.431849 0.431849
4481.915527 0.000000 2212.165771 0.000000 0.690677 0.000000 -0.723163 0.808272 0.808272 0.808272
4493.480957 0.000000 2218.850098 0.000000 0.992711 0.000000 0.120520 0.588961 0.588961 0.588961
4482.261230 0.000000 2215.410889 0.000000 0.998933 0.000000 0.046180 0.586506 0.586506 0.586506
4487.467285 0.000000 2212.562012 0.000000 0.516836 0.000000 0.856084 0.407583 0.407583 0.407583
4484.137695 0.000000 2219.989746 0.000000 0.991656 0.000000 0.128912 0.578312 0.578312 0.578312
4493.741211 0.000000 2222.510498 0.000000 0.957286 0.000000 -0.289142 0.621969 0.621969 0.621969
4490.425293 0.000000 2219.143555 0.000000 0.890866 0.000000 0.454266 0.499699 0.499699 0.499699
4479.561523 0.000000 2219.462402 0.000000 0.308320 0.000000 0.951283 0.492643 0.492643 0.492643
4482.482422 0.000000 2210.142822 0.000000 0.877741 0.000000 -0.479136 0.662123 0.662123 0.662123
4488.950684 0.000000 2217.211670 0.000000 0.747682 0.000000 0.664057 0.387870 0.387870 0.387870
4486.173828 0.000000 2220.288574 0.000000 0.883931 0.000000 -0.467617 0.733385 0.733385 0.733385
4492.915039 0.000000 2216.536133 0.000000 0.938837 0.000000 -0.344361 0.632123 0.632123 0.632123
4482.906738 0.000000 2213.599609 0.000000 0.178123 0.000000 -0.984008 0.933551 0.933551 0.933551
4490.206543 0.000000 2222.330566 0.000000 0.841889 0.000000 0.539651 0.488145 0.488145 0.488145
4491.698730 0.000000 2215.405273 0.000000 0.961427 0.000000 0.275061 0.554086 0.554086 0.554086
4486.404785 0.000000 2213.785645 0.000000 0.705210 0.000000 -0.708998 0.747560 0.747560 0.747560
4481.543457 0.000000 2216.865479 0.000000 0.561328 0.000000 -0.827594 0.827790 0.827790 0.827790
4480.679688 0.000000 2215.515869 0.000000 0.067494 0.000000 -0.997720 1.039094 1.039094 1.039094
4483.179688 0.000000 2216.653320 0.000000 0.999558 0.000000 0.029743 0.592737 0.592737 0.592737
4487.332520 0.000000 2223.953613 0.000000 0.473499 0.000000 0.880794 0.298168 0.298168 0.298168
4489.109375 0.000000 2218.633545 0.000000 0.912334 0.000000 0.409448 0.476780 0.476780 0.476780
4486.432129 0.000000 2224.980225 0.000000 0.331949 0.000000 -0.943297 0.838145 0.838145 0.838145
4481.428711 0.000000 2282.464600 0.000000 0.899975 0.000000 0.435941 0.588513 0.588513 0.588513
4488.014160 0.000000 2289.321289 0.000000 0.959309 0.000000 -0.282358 0.683613 0.683613 0.683613
4480.166992 0.000000 2273.618896 0.000000 0.349537 0.000000 -0.936923 0.687267 0.687267 0.687267
4489.814941 0.000000 2301.151123 0.000000 0.349534 0.000000 0.936924 0.581819 0.581819 0.581819
4484.364746 0.000000 2292.874023 0.000000 0.510344 0.000000 0.859970 0.567436 0.567436 0.567436
4487.619629 0.000000 2273.636475 0.000000 0.608506 0.000000 -0.793549 0.855384 0.855384 0.855384
4491.511719 0.000000 2285.107178 0.000000 0.166103 0.000000 -0.986108 0.875489 0.875489 0.875489
4483.869629 0.000000 2272.470215 0.000000 0.729760 0.000000 -0.683703 0.746598 0.746598 0.746598
4491.236328 0.000000 2272.620605 0.000000 0.264655 0.000000 -0.964343 0.664407 0.664407 0.664407
4484.721680 0.000000 2281.127441 0.000000 0.035239 0.000000 -0.999379 0.997925 0.997925 0.997925
4487.890625 0.000000 2279.378662 0.000000 0.309601 0.000000 -0.950867 0.966879 0.966879 0.966879
4498.926270 0.000000 2301.298828 0.000000 0.585380 0.000000 -0.810759 0.900237 0.900237 0.900237
4481.915527 0.000000 2276.150146 0.000000 0.322169 0.000000 0.946682 0.527398 0.527398 0.527398
4479.524414 0.000000 2258.030518 0.000000 0.585015 0.000000 -0.811022 0.741689 0.741689 0.741689
4498.687012 0.000000 2285.017578 0.000000 0.506495 0.000000 0.862243 0.543935 0.543935 0.543935
4484.137695 0.000000 2283.974121 0.000000 0.740840 0.000000 -0.671681 0.769891 0.769891 0.769891
4495.668945 0.000000 2299.081787 0.000000 0.235220 0.000000 0.971942 0.210533 0.210533 0.210533
4489.045410 0.000000 2284.852295 0.000000 0.924506 0.000000 0.381167 0.485773 0.485773 0.485773
4490.689453 0.000000 2299.003174 0.000000 0.994504 0.000000 -0.104695 0.616497 0.616497 0.616497
4506.798340 0.000000 2300.350342 0.000000 0.757401 0.000000 -0.652951 0.695916 0.695916 0.695916
4498.056152 0.000000 2298.849121 0.000000 0.354091 0.000000 0.935211 0.279492 0.279492 0.279492
4504.404785 0.000000 2288.145752 0.000000 0.656382 0.000000 -0.754429 0.847118 0.847118 0.847118
4482.482422 0.000000 2274.127197 0.000000 0.008782 0.000000 0.999961 0.295828 0.295828 0.295828
4485.753906 0.000000 2287.832520 0.000000 0.528907 0.000000 0.848680 0.442115 0.442115 0.442115
4490.058594 0.000000 2279.227539 0.000000 0.643910 0.000000 0.765101 0.520395 0.520395 0.520395
4481.378906 0.000000 2246.823730 0.000000 0.236792 0.000000 -0.971560 0.883268 0.883268 0.883268
4488.696777 0.000000 2287.255859 0.000000 0.468766 0.000000 -0.883323 0.916312 0.916312 0.916312
4498.418945 0.000000 2289.820312 0.000000 0.936134 0.000000 0.351643 0.569858 0.569858 0.569858
4485.786133 0.000000 2279.306152 0.000000 0.594392 0.000000 0.804175 0.341093 0.341093 0.341093
4486.946289 0.000000 2281.120361 0.000000 0.978046 0.000000 0.208388 0.538681 0.538681 0.538681
4503.695801 0.000000 2301.270996 0.000000 0.903113 0.000000 -0.429402 0.758894 0.758894 0.758894
4491.740723 0.000000 2301.000000 0.000000 0.292834 0.000000 -0.956163 0.710651 0.710651 0.710651
4485.748047 0.000000 2273.018066 0.000000 0.943146 0.000000 0.332379 0.501031 0.501031 0.501031
4495.661621 0.000000 2295.289307 0.000000 0.988934 0.000000 0.148359 0.563196 0.563196 0.563196
4488.896973 0.000000 2277.740723 0.000000 0.182150 0.000000 -0.983271 0.870213 0.870213 0.870213
4489.208496 0.000000 2272.729736 0.000000 0.555020 0.000000 -0.831837 0.763345 0.763345 0.763345
4492.840820 0.000000 2294.026123 0.000000 0.089458 0.000000 0.995991 0.167342 0.167342 0.167342
4497.233887 0.000000 2300.495850 0.000000 0.951270 0.000000 0.308360 0.508437 0.508437 0.508437
4485.200684 0.000000 2285.783447 0.000000 0.334670 0.000000 -0.942336 0.850480 0.850480 0.850480
4483.744629 0.000000 2275.940918 0.000000 0.574313 0.000000 0.818636 0.413247 0.413247 0.413247
4485.837402 0.000000 2282.491455 0.000000 0.893369 0.000000 -0.449324 0.707499 0.707499 0.707499
4489.995605 0.000000 2292.992676 0.000000 0.765718 0.000000 0.643176 0.432558 0.432558 0.432558
4484.020508 0.000000 2279.189209 0.000000 0.616601 0.000000 0.787276 0.348827 0.348827 0.348827
4506.573242 0.000000 2290.960205 0.000000 0.700065 0.000000 0.714079 0.428451 0.428451 0.428451
4489.767090 0.000000 2289.509521 0.000000 0.599337 0.000000 0.800497 0.328899 0.328899 0.328899
4482.906738 0.000000 2277.583984 0.000000 0.125755 0.000000 -0.992061 0.861852 0.861852 0.861852
4486.531738 0.000000 2293.721924 0.000000 0.973195 0.000000 -0.229980 0.629199 0.629199 0.629199
4479.999023 0.000000 2259.695801 0.000000 0.705360 0.000000 -0.708849 0.718017 0.718017 0.718017
4500.352539 0.000000 2302.479248 0.000000 0.994242 0.000000 -0.107153 0.632967 0.632967 0.632967
4501.967285 0.000000 2298.000732 0.000000 0.999750 0.000000 0.022360 0.593133 0.593133 0.593133
4485.735840 0.000000 2276.315674 0.000000 0.013282 0.000000 -0.999912 1.043279 1.043279 1.043279
4500.948242 0.000000 2296.654053 0.000000 0.627071 0.000000 0.778962 0.337818 0.337818 0.337818
4488.050293 0.000000 2290.882324 0.000000 0.513138 0.000000 0.858306 0.298569 0.298569 0.298569
4483.179688 0.000000 2280.637695 0.000000 0.252397 0.000000 -0.967624 0.789191 0.789191 0.789191
4494.133301 0.000000 2294.947266 0.000000 0.336996 0.000000 0.941506 0.296719 0.296719 0.296719
4488.498535 0.000000 2292.604492 0.000000 0.854332 0.000000 -0.519727 0.730986 0.730986 0.730986
4486.745605 0.000000 2274.849121 0.000000 0.879032 0.000000 0.476762 0.457071 0.457071 0.457071
4502.330566 0.000000 2285.370850 0.000000 0.006211 0.000000 -0.999981 0.867175 0.867175 0.867175
4499.338379 0.000000 2299.733643 0.000000 0.743649 0.000000 0.668570 0.405847 0.405847 0.405847
4505.286621 0.000000 2300.893066 0.000000 0.581712 0.000000 0.813395 0.338172 0.338172 0.338172
4489.444336 0.000000 2276.340332 0.000000 0.746749 0.000000 0.665106 0.458307 0.458307 0.458307
4491.952637 0.000000 2288.611816 0.000000 0.131873 0.000000 0.991267 0.184118 0.184118 0.184118
4503.764648 0.000000 2295.720947 0.000000 0.143229 0.000000 0.989690 0.210947 0.210947 0.210947
4487.624023 0.000000 2284.464111 0.000000 0.484814 0.000000 0.874617 0.289021 0.289021 0.289021
4489.122070 0.000000 2295.704346 0.000000 0.980101 0.000000 -0.198500 0.635021 0.635021 0.635021
4502.958984 0.000000 2288.448486 0.000000 0.937626 0.000000 -0.347646 0.715412 0.715412 0.715412
4500.755859 0.000000 2295.125732 0.000000 0.726027 0.000000 0.687666 0.461428 0.461428 0.461428
4489.109375 0.000000 2282.617920 0.000000 0.009019 0.000000 0.999959 0.178902 0.178902 0.178902
4504.829102 0.000000 2296.609131 0.000000 0.256604 0.000000 0.966517 0.293582 0.293582 0.293582
4491.069336 0.000000 2291.311035 0.000000 0.379525 0.000000 0.925181 0.254885 0.254885 0.254885
4494.402344 0.000000 2299.480957 0.000000 0.998520 0.000000 -0.054389 0.615895 0.615895 0.615895
4503.213867 0.000000 2302.930420 0.000000 0.096783 0.000000 0.995305 0.202607 0.202607 0.202607
4375.139648 0.000000 2353.853027 0.000000 0.864010 0.000000 -0.503475 0.630823 0.630823 0.630823
4404.142090 0.000000 2349.756836 0.000000 0.226281 0.000000 0.974062 0.567824 0.567824 0.567824
4368.077148 0.000000 2326.457764 0.000000 0.490367 0.000000 0.871516 0.525494 0.525494 0.525494
4353.394531 0.000000 2310.808105 0.000000 0.003547 0.000000 0.999994 0.398104 0.398104 0.398104
4373.866211 0.000000 2321.859131 0.000000 0.276036 0.000000 -0.961147 0.913311 0.913311 0.913311
4355.172363 0.000000 2328.213135 0.000000 0.489142 0.000000 0.872204 0.325390 0.325390 0.325390
4369.845215 0.000000 2324.506104 0.000000 0.140532 0.000000 0.990076 0.383685 0.383685 0.383685
4368.719727 0.000000 2362.194824 0.000000 0.547721 0.000000 -0.836661 0.899906 0.899906 0.899906
4373.282227 0.000000 2320.446045 0.000000 0.742626 0.000000 -0.669706 0.778070 0.778070 0.778070
4463.739258 0.000000 2325.380859 0.000000 0.826485 0.000000 -0.562959 0.608957 0.608957 0.608957
4467.157715 0.000000 2340.271973 0.000000 0.669132 0.000000 0.743143 0.440628 0.440628 0.440628
4449.250000 0.000000 2324.349365 0.000000 0.996716 0.000000 -0.080974 0.612993 0.612993 0.612993
4475.918457 0.000000 2347.247070 0.000000 0.962619 0.000000 -0.270858 0.643962 0.643962 0.643962
4461.598633 0.000000 2333.723877 0.000000 0.483887 0.000000 0.875130 0.192931 0.192931 0.192931
4468.980469 0.000000 2333.660400 0.000000 0.802239 0.000000 0.597003 0.355630 0.355630 0.355630
4472.154785 0.000000 2343.033691 0.000000 0.824311 0.000000 -0.566137 0.664906 0.664906 0.664906
4467.912598 0.000000 2328.540039 0.000000 0.242219 0.000000 -0.970222 0.987362 0.987362 0.987362
4465.362305 0.000000 2336.123535 0.000000 0.331723 0.000000 -0.943377 1.011758 1.011758 1.011758
4479.049805 0.000000 2350.287842 0.000000 0.573030 0.000000 -0.819534 0.880587 0.880587 0.880587
4448.547363 0.000000 2335.696777 0.000000 0.739565 0.000000 -0.673086 0.688482 0.688482 0.688482
4451.474609 0.000000 2340.578125 0.000000 0.167601 0.000000 -0.985855 0.969722 0.969722 0.969722
4471.238281 0.000000 2338.728760 0.000000 0.357891 0.000000 0.933763 0.246281 0.246281 0.246281
4471.078613 0.000000 2330.596191 0.000000 0.629238 0.000000 0.777213 0.306632 0.306632 0.306632
4468.376953 0.000000 2337.250488 0.000000 0.961348 0.000000 0.275337 0.511420 0.511420 0.511420
4467.673828 0.000000 2325.166748 0.000000 0.915097 0.000000 0.403235 0.576375 0.576375 0.576375
4470.691406 0.000000 2327.218750 0.000000 0.271661 0.000000 0.962393 0.468023 0.468023 0.468023
4458.038086 0.000000 2330.873779 0.000000 0.993584 0.000000 0.113098 0.556707 0.556707 0.556707
4448.405762 0.000000 2341.355225 0.000000 0.817526 0.000000 -0.575891 0.760872 0.760872 0.760872
4474.607910 0.000000 2354.163818 0.000000 0.988550 0.000000 0.150897 0.593193 0.593193 0.593193
4474.901367 0.000000 2342.058105 0.000000 0.678070 0.000000 0.734997 0.413246 0.413246 0.413246
4457.878418 0.000000 2340.771484 0.000000 0.438225 0.000000 -0.898865 0.702080 0.702080 0.702080
4473.184082 0.000000 2332.610840 0.000000 0.419618 0.000000 -0.907701 1.034597 1.034597 1.034597
4449.508301 0.000000 2338.456055 0.000000 0.358019 0.000000 0.933714 0.246322 0.246322 0.246322
4470.986328 0.000000 2335.843018 0.000000 0.444789 0.000000 0.895635 0.176066 0.176066 0.176066
4479.080566 0.000000 2347.147217 0.000000 0.315113 0.000000 0.949054 0.174888 0.174888 0.174888
4462.654297 0.000000 2336.554688 0.000000 0.864016 0.000000 -0.503465 0.751740 0.751740 0.751740
4432.792480 0.000000 2313.727051 0.000000 0.312181 0.000000 0.950022 0.402877 0.402877 0.402877
4467.661621 0.000000 2331.134766 0.000000 0.609753 0.000000 -0.792592 0.897437 0.897437 0.897437
4460.818848 0.000000 2326.707520 0.000000 0.999955 0.000000 -0.009516 0.600570 0.600570 0.600570
4477.952637 0.000000 2330.493896 0.000000 0.963869 0.000000 0.266378 0.568093 0.568093 0.568093
4466.233887 0.000000 2342.637695 0.000000 0.541678 0.000000 0.840586 0.532704 0.532704 0.532704
4455.029297 0.000000 2331.498291 0.000000 0.473548 0.000000 -0.880768 0.909886 0.909886 0.909886
4466.557617 0.000000 2333.977051 0.000000 0.999860 0.000000 0.016730 0.594035 0.594035 0.594035
4472.603516 0.000000 2340.698975 0.000000 0.360677 0.000000 -0.932691 0.877233 0.877233 0.877233
4460.102051 0.000000 2331.845947 0.000000 0.657034 0.000000 0.753861 0.273827 0.273827 0.273827
4469.449219 0.000000 2340.442139 0.000000 0.824238 0.000000 0.566244 0.517047 0.517047 0.517047
4466.119629 0.000000 2338.260254 0.000000 0.443422 0.000000 0.896313 0.275369 0.275369 0.275369
4465.936523 0.000000 2329.619385 0.000000 0.192563 0.000000 0.981285 0.257595 0.257595 0.257595
4457.661133 0.000000 2335.824951 0.000000 0.853582 0.000000 -0.520959 0.809311 0.809311 0.809311
4477.337891 0.000000 2348.910156 0.000000 0.831608 0.000000 -0.555363 0.771986 0.771986 0.771986
4452.967773 0.000000 2338.933105 0.000000 0.919751 0.000000 0.392503 0.451973 0.451973 0.451973
4453.532715 0.000000 2341.600342 0.000000 0.917009 0.000000 -0.398866 0.693415 0.693415 0.693415
4473.140137 0.000000 2348.967041 0.000000 0.153469 0.000000 0.988154 0.476916 0.476916 0.476916
4475.783203 0.000000 2334.751709 0.000000 0.447807 0.000000 0.894130 0.177354 0.177354 0.177354
4477.946289 0.000000 2341.458740 0.000000 0.912174 0.000000 -0.409803 0.761283 0.761283 0.761283
4462.769043 0.000000 2341.049561 0.000000 0.582997 0.000000 -0.812474 0.729276 0.729276 0.729276
4465.084961 0.000000 2340.976074 0.000000 0.366016 0.000000 0.930609 0.365296 0.365296 0.365296
4475.104004 0.000000 2336.902832 0.000000 0.771461 0.000000 0.636276 0.336569 0.336569 0.336569
4467.886719 0.000000 2335.393799 0.000000 0.772413 0.000000 -0.635121 0.844305 0.844305 0.844305
4470.865234 0.000000 2341.737061 0.000000 0.999801 0.000000 0.019949 0.597131 0.597131 0.597131
4448.027344 0.000000 2339.553955 0.000000 0.054123 0.000000 0.998534 0.154721 0.154721 0.154721
4474.467285 0.000000 2352.288818 0.000000 0.161860 0.000000 -0.986814 0.804613 0.804613 0.804613
4464.109863 0.000000 2330.306641 0.000000 0.808906 0.000000 0.587938 0.398528 0.398528 0.398528
4464.348633 0.000000 2337.508301 0.000000 0.299553 0.000000 0.954080 0.176917 0.176917 0.176917
4449.739746 0.000000 2340.327393 0.000000 0.506470 0.000000 0.862257 0.327453 0.327453 0.327453
4448.111328 0.000000 2337.483398 0.000000 0.871302 0.000000 -0.490746 0.715254 0.715254 0.715254
4475.981445 0.000000 2343.456299 0.000000 0.347318 0.000000 0.937747 0.324937 0.324937 0.324937
4459.147949 0.000000 2329.583984 0.000000 0.080361 0.000000 0.996766 0.182535 0.182535 0.182535
4474.353516 0.000000 2333.796631 0.000000 0.951575 0.000000 -0.307418 0.713741 0.713741 0.713741
4462.547852 0.000000 2329.486572 0.000000 0.297248 0.000000 0.954800 0.326277 0.326277 0.326277
4448.006348 0.000000 2325.660400 0.000000 0.893421 0.000000 -0.449221 0.674673 0.674673 0.674673
4451.080566 0.000000 2333.030762 0.000000 0.878501 0.000000 -0.477740 0.676847 0.676847 0.676847
4452.656250 0.000000 2334.921875 0.000000 0.974184 0.000000 -0.225757 0.686983 0.686983 0.686983
4470.002930 0.000000 2337.103516 0.000000 0.755309 0.000000 -0.655368 0.872984 0.872984 0.872984
4467.694336 0.000000 2338.732910 0.000000 0.814766 0.000000 0.579789 0.419347 0.419347 0.419347
4467.700684 0.000000 2341.773438 0.000000 0.998325 0.000000 0.057847 0.588989 0.588989 0.588989
4463.616699 0.000000 2332.438965 0.000000 0.817390 0.000000 0.576085 0.365496 0.365496 0.365496
4467.475098 0.000000 2332.685791 0.000000 0.992874 0.000000 0.119170 0.557414 0.557414 0.557414
4476.192383 0.000000 2338.068115 0.000000 0.687439 0.000000 -0.726242 0.910482 0.910482 0.910482
4469.462891 0.000000 2335.396973 0.000000 0.894093 0.000000 0.447882 0.424005 0.424005 0.424005
4462.729004 0.000000 2334.991943 0.000000 0.998348 0.000000 0.057455 0.578386 0.578386 0.578386
4464.200195 0.000000 2326.874756 0.000000 0.496332 0.000000 0.868133 0.456678 0.456678 0.456678
4468.883789 0.000000 2330.213867 0.000000 0.887564 0.000000 0.460684 0.437922 0.437922 0.437922
4459.947754 0.000000 2328.059570 0.000000 0.461693 0.000000 0.887040 0.294427 0.294427 0.294427
4471.706543 0.000000 2331.983398 0.000000 0.582690 0.000000 0.812695 0.287341 0.287341 0.287341
4458.247559 0.000000 2337.227295 0.000000 0.750480 0.000000 -0.660893 0.834689 0.834689 0.834689
4471.536621 0.000000 2309.484863 0.000000 0.032353 0.000000 0.999476 0.155237 0.155237 0.155237
4472.631348 0.000000 2339.225830 0.000000 0.993203 0.000000 -0.116392 0.644559 0.644559 0.644559
4478.886719 0.000000 2348.772949 0.000000 0.999240 0.000000 0.038979 0.588612 0.588612 0.588612
4471.242676 0.000000 2329.158936 0.000000 0.511416 0.000000 0.859333 0.406399 0.406399 0.406399
4465.752441 0.000000 2339.677246 0.000000 0.131801 0.000000 -0.991276 1.022368 1.022368 1.022368
4461.166504 0.000000 2330.728271 0.000000 0.953317 0.000000 0.301972 0.482826 0.482826 0.482826
4463.997070 0.000000 2335.656006 0.000000 0.394307 0.000000 -0.918979 1.038198 1.038198 1.038198
4465.389648 0.000000 2328.316895 0.000000 0.995116 0.000000 0.098711 0.575415 0.575415 0.575415
4456.486328 0.000000 2336.553467 0.000000 0.960625 0.000000 -0.277847 0.707545 0.707545 0.707545
4450.780273 0.000000 2339.328369 0.000000 0.474600 0.000000 0.880202 0.258213 0.258213 0.258213
4474.937500 0.000000 2348.274414 0.000000 0.635009 0.000000 -0.772505 0.782482 0.782482 0.782482
4466.241211 0.000000 2330.974609 0.000000 0.541554 0.000000 0.840666 0.275433 0.275433 0.275433
4451.603516 0.000000 2335.913330 0.000000 0.051343 0.000000 -0.998681 1.002852 1.002852 1.002852
4478.468750 0.000000 2336.370605 0.000000 0.984248 0.000000 0.176794 0.532113 0.532113 0.532113
4472.305176 0.000000 2335.569092 0.000000 0.984461 0.000000 0.175601 0.532576 0.532576 0.532576
4462.169922 0.000000 2339.863037 0.000000 0.264541 0.000000 0.964374 0.322830 0.322830 0.322830
4467.249512 0.000000 2327.391357 0.000000 0.374139 0.000000 -0.927373 0.815203 0.815203 0.815203
4467.371094 0.000000 2329.839844 0.000000 0.820074 0.000000 0.572258 0.422039 0.422039 0.422039
4473.748535 0.000000 2339.975342 0.000000 0.609652 0.000000 0.792669 0.250429 0.250429 0.250429
4466.460938 0.000000 2335.318604 0.000000 0.778054 0.000000 -0.628198 0.841134 0.841134 0.841134
4412.019531 0.000000 2428.142578 0.000000 0.867672 0.000000 0.497136 0.552459 0.552459 0.552459
4414.139648 0.000000 2427.901123 0.000000 0.495511 0.000000 -0.868602 0.798624 0.798624 0.798624
4481.428711 0.000000 2346.448975 0.000000 0.535259 0.000000 0.844688 0.265471 0.265471 0.265471
4501.027344 0.000000 2303.791504 0.000000 0.952845 0.000000 0.303459 0.505322 0.505322 0.505322
4479.954102 0.000000 2354.554199 0.000000 0.796078 0.000000 0.605194 0.551317 0.551317 0.551317
4481.770508 0.000000 2312.899414 0.000000 0.985219 0.000000 -0.171300 0.662404 0.662404 0.662404
4484.706055 0.000000 2341.469727 0.000000 0.904880 0.000000 0.425667 0.544675 0.544675 0.544675
4504.911133 0.000000 2305.100098 0.000000 0.468213 0.000000 0.883615 0.575654 0.575654 0.575654
4483.869629 0.000000 2336.454590 0.000000 0.998480 0.000000 -0.055118 0.605700 0.605700 0.605700
4479.660645 0.000000 2349.872803 0.000000 0.007497 0.000000 0.999972 0.143366 0.143366 0.143366
4484.721680 0.000000 2345.111816 0.000000 0.776755 0.000000 -0.629803 0.796964 0.796964 0.796964
4487.036133 0.000000 2350.085938 0.000000 0.986667 0.000000 -0.162752 0.628651 0.628651 0.628651
4484.861816 0.000000 2353.730713 0.000000 0.052732 0.000000 0.998609 0.506770 0.506770 0.506770
4506.849609 0.000000 2303.558350 0.000000 0.020642 0.000000 0.999787 0.504797 0.504797 0.504797
4497.860352 0.000000 2305.599365 0.000000 0.048362 0.000000 -0.998830 0.748231 0.748231 0.748231
4481.743164 0.000000 2335.364502 0.000000 0.621512 0.000000 -0.783405 0.717304 0.717304 0.717304
4489.045410 0.000000 2348.836670 0.000000 0.536874 0.000000 0.843662 0.386429 0.386429 0.386429
4490.425293 0.000000 2347.112305 0.000000 0.052989 0.000000 -0.998595 0.761421 0.761421 0.761421
4479.561523 0.000000 2347.431152 0.000000 0.314208 0.000000 0.949354 0.174564 0.174564 0.174564
4488.696777 0.000000 2351.240234 0.000000 0.998931 0.000000 -0.046226 0.605680 0.605680 0.605680
4485.786133 0.000000 2343.290527 0.000000 0.510693 0.000000 -0.859763 0.821660 0.821660 0.821660
4498.871582 0.000000 2303.908691 0.000000 0.293143 0.000000 0.956069 0.241430 0.241430 0.241430
4492.674805 0.000000 2303.531982 0.000000 0.301481 0.000000 0.953472 0.461723 0.461723 0.461723
4483.265625 0.000000 2346.213623 0.000000 0.917606 0.000000 -0.397490 0.722465 0.722465 0.722465
4483.744629 0.000000 2339.925293 0.000000 0.264952 0.000000 -0.964262 0.900495 0.900495 0.900495
4481.183105 0.000000 2341.743164 0.000000 0.359443 0.000000 -0.933167 1.059560 1.059560 1.059560
4481.633789 0.000000 2350.596191 0.000000 0.838652 0.000000 0.544667 0.458502 0.458502 0.458502
4482.906738 0.000000 2341.568359 0.000000 0.975574 0.000000 0.219670 0.523365 0.523365 0.523365
4481.543457 0.000000 2344.834229 0.000000 0.716852 0.000000 -0.697226 0.894699 0.894699 0.894699
4480.703613 0.000000 2339.048828 0.000000 0.186198 0.000000 0.982512 0.071540 0.071540 0.071540
4483.950684 0.000000 2338.040527 0.000000 0.738588 0.000000 -0.674157 0.770663 0.770663 0.770663
4480.466309 0.000000 2348.585449 0.000000 0.943096 0.000000 0.332520 0.500987 0.500987 0.500987
4487.624023 0.000000 2348.448486 0.000000 0.958514 0.000000 -0.285046 0.682700 0.682700 0.682700
"}
object={
	name="tree_leaf_2_high_generator_1_1"
	clamp_to_water_level=no
	render_under_water=no
	generated_content=yes
	layer="tree_high_layer"
	pdxmesh="tree_leaf_01_b_mesh"
	count=483
	transform="4339.347168 0.000000 2217.175293 0.000000 0.983275 0.000000 0.182129 0.561317 0.561317 0.561317
4349.786621 0.000000 2215.614014 0.000000 0.946858 0.000000 0.321650 0.550947 0.550947 0.550947
4339.843750 0.000000 2233.284424 0.000000 0.138415 0.000000 0.990374 0.349042 0.349042 0.349042
4346.098145 0.000000 2210.662354 0.000000 0.401849 0.000000 0.915706 0.478655 0.478655 0.478655
4336.096191 0.000000 2217.485352 0.000000 0.996302 0.000000 -0.085919 0.604639 0.604639 0.604639
4350.562988 0.000000 2224.475098 0.000000 0.106104 0.000000 -0.994355 0.970736 0.970736 0.970736
4330.687012 0.000000 2231.349854 0.000000 0.317221 0.000000 0.948352 0.403712 0.403712 0.403712
4318.410156 0.000000 2267.712402 0.000000 0.836212 0.000000 0.548406 0.433059 0.433059 0.433059
4318.969727 0.000000 2266.482666 0.000000 0.206099 0.000000 -0.978531 0.992062 0.992062 0.992062
4397.357910 0.000000 2218.769287 0.000000 0.011228 0.000000 -0.999937 0.775209 0.775209 0.775209
4412.738770 0.000000 2211.620605 0.000000 0.728097 0.000000 0.685474 0.544565 0.544565 0.544565
4365.452148 0.000000 2225.128174 0.000000 0.193101 0.000000 0.981179 0.482474 0.482474 0.482474
4409.138184 0.000000 2223.163574 0.000000 0.241855 0.000000 0.970312 0.576156 0.576156 0.576156
4415.057617 0.000000 2222.319092 0.000000 0.992819 0.000000 -0.119628 0.631614 0.631614 0.631614
4410.652832 0.000000 2231.030029 0.000000 0.571478 0.000000 -0.820617 0.882581 0.882581 0.882581
4407.756836 0.000000 2219.226807 0.000000 0.852533 0.000000 -0.522673 0.708746 0.708746 0.708746
4395.270508 0.000000 2215.547363 0.000000 0.104924 0.000000 -0.994480 0.758075 0.758075 0.758075
4400.897461 0.000000 2219.974365 0.000000 0.998381 0.000000 0.056872 0.590880 0.590880 0.590880
4399.100098 0.000000 2231.005127 0.000000 0.356059 0.000000 -0.934463 0.889220 0.889220 0.889220
4378.414551 0.000000 2224.969971 0.000000 0.984349 0.000000 -0.176231 0.615126 0.615126 0.615126
4405.103027 0.000000 2214.721436 0.000000 0.990339 0.000000 0.138667 0.560407 0.560407 0.560407
4410.909180 0.000000 2214.089355 0.000000 0.593089 0.000000 0.805137 0.242510 0.242510 0.242510
4410.023438 0.000000 2233.896973 0.000000 0.298988 0.000000 0.954257 0.391207 0.391207 0.391207
4396.095703 0.000000 2230.736816 0.000000 0.346613 0.000000 -0.938008 0.678378 0.678378 0.678378
4415.088379 0.000000 2219.178467 0.000000 0.989707 0.000000 0.143107 0.545149 0.545149 0.545149
4412.347168 0.000000 2228.930908 0.000000 0.776282 0.000000 -0.630386 0.817614 0.817614 0.817614
4365.756836 0.000000 2222.510498 0.000000 0.474101 0.000000 -0.880471 0.688718 0.688718 0.688718
4406.059082 0.000000 2217.228760 0.000000 0.646581 0.000000 0.762845 0.346547 0.346547 0.346547
4400.088379 0.000000 2217.485352 0.000000 0.764582 0.000000 0.644527 0.408004 0.408004 0.408004
4404.712402 0.000000 2219.322021 0.000000 0.995768 0.000000 0.091903 0.581803 0.581803 0.581803
4406.612793 0.000000 2221.496582 0.000000 0.975004 0.000000 0.222186 0.582212 0.582212 0.582212
4411.194824 0.000000 2221.658691 0.000000 0.219902 0.000000 0.975522 0.430250 0.430250 0.430250
4408.611328 0.000000 2212.730225 0.000000 0.999375 0.000000 -0.035353 0.605615 0.605615 0.605615
4393.113770 0.000000 2216.532959 0.000000 0.983790 0.000000 0.179324 0.563000 0.563000 0.563000
4395.115234 0.000000 2218.066895 0.000000 0.369694 0.000000 0.929154 0.476786 0.476786 0.476786
4405.457031 0.000000 2212.473389 0.000000 0.999486 0.000000 0.032059 0.596302 0.596302 0.596302
4414.575684 0.000000 2229.299561 0.000000 0.734384 0.000000 -0.678734 0.732984 0.732984 0.732984
4376.420410 0.000000 2224.161377 0.000000 0.996494 0.000000 0.083661 0.593350 0.593350 0.593350
4414.139648 0.000000 2235.947998 0.000000 0.998308 0.000000 0.058145 0.592244 0.592244 0.592244
4367.370605 0.000000 2223.544678 0.000000 0.621957 0.000000 -0.783052 0.694323 0.694323 0.694323
4376.933105 0.000000 2226.245850 0.000000 0.798122 0.000000 -0.602496 0.667802 0.667802 0.667802
4401.648926 0.000000 2216.453369 0.000000 0.695416 0.000000 -0.718607 0.819790 0.819790 0.819790
4414.076660 0.000000 2217.670166 0.000000 0.938999 0.000000 0.343920 0.465894 0.465894 0.465894
4409.871094 0.000000 2215.580566 0.000000 0.261446 0.000000 0.965218 0.206701 0.206701 0.206701
4411.989258 0.000000 2215.487549 0.000000 0.200410 0.000000 -0.979712 1.122927 1.122927 1.122927
4412.030273 0.000000 2227.247803 0.000000 0.983840 0.000000 -0.179052 0.647460 0.647460 0.647460
4351.807129 0.000000 2224.686035 0.000000 0.992815 0.000000 0.119661 0.569635 0.569635 0.569635
4406.524902 0.000000 2215.604492 0.000000 0.876774 0.000000 -0.480903 0.738274 0.738274 0.738274
4406.276855 0.000000 2219.849609 0.000000 0.950356 0.000000 0.311164 0.537436 0.537436 0.537436
4403.625488 0.000000 2215.474365 0.000000 0.792840 0.000000 0.609430 0.408577 0.408577 0.408577
4412.429688 0.000000 2213.202637 0.000000 0.087075 0.000000 -0.996202 1.008911 1.008911 1.008911
4413.496582 0.000000 2219.080811 0.000000 0.078822 0.000000 -0.996889 1.169861 1.169861 1.169861
4396.531738 0.000000 2217.451904 0.000000 0.995765 0.000000 0.091932 0.578763 0.578763 0.578763
4414.114746 0.000000 2232.892578 0.000000 0.588280 0.000000 0.808657 0.344636 0.344636 0.344636
4404.707520 0.000000 2216.631836 0.000000 0.202813 0.000000 -0.979217 0.999169 0.999169 0.999169
4414.894531 0.000000 2220.804199 0.000000 0.325863 0.000000 0.945417 0.358754 0.358754 0.358754
4414.839844 0.000000 2227.674805 0.000000 0.954102 0.000000 -0.299483 0.682919 0.682919 0.682919
4398.990723 0.000000 2216.195312 0.000000 0.899650 0.000000 -0.436613 0.713027 0.713027 0.713027
4411.165039 0.000000 2218.060059 0.000000 0.707896 0.000000 -0.706317 0.853757 0.853757 0.853757
4406.952148 0.000000 2212.171631 0.000000 0.888273 0.000000 -0.459316 0.677918 0.677918 0.677918
4413.476074 0.000000 2228.030518 0.000000 0.998540 0.000000 -0.054016 0.617243 0.617243 0.617243
4398.156250 0.000000 2215.059326 0.000000 0.999725 0.000000 0.023454 0.593148 0.593148 0.593148
4393.718262 0.000000 2217.904297 0.000000 0.783598 0.000000 0.621269 0.462431 0.462431 0.462431
4411.018555 0.000000 2216.568848 0.000000 0.283428 0.000000 0.958993 0.109766 0.109766 0.109766
4359.384277 0.000000 2230.847168 0.000000 0.876818 0.000000 -0.480822 0.710448 0.710448 0.710448
4400.988281 0.000000 2215.224609 0.000000 0.954387 0.000000 -0.298571 0.688562 0.688562 0.688562
4414.944824 0.000000 2216.321045 0.000000 0.534748 0.000000 0.845012 0.215512 0.215512 0.215512
4392.380371 0.000000 2217.609863 0.000000 0.932242 0.000000 0.361837 0.524021 0.524021 0.524021
4467.157715 0.000000 2212.303223 0.000000 0.325641 0.000000 -0.945494 0.961938 0.961938 0.961938
4442.430664 0.000000 2217.274170 0.000000 0.918552 0.000000 -0.395300 0.718706 0.718706 0.718706
4475.918457 0.000000 2219.278320 0.000000 0.851835 0.000000 -0.523810 0.628078 0.628078 0.628078
4426.833496 0.000000 2213.276855 0.000000 0.956120 0.000000 -0.292974 0.671708 0.671708 0.671708
4461.350098 0.000000 2218.769287 0.000000 0.497147 0.000000 -0.867666 0.648780 0.648780 0.648780
4435.085938 0.000000 2213.687988 0.000000 0.077099 0.000000 0.997023 0.190567 0.190567 0.190567
4446.176758 0.000000 2211.277588 0.000000 0.975139 0.000000 -0.221596 0.607029 0.607029 0.607029
4431.043945 0.000000 2208.417725 0.000000 0.748183 0.000000 0.663493 0.564138 0.564138 0.564138
4423.717773 0.000000 2218.961182 0.000000 0.975437 0.000000 -0.220281 0.659885 0.659885 0.659885
4472.154785 0.000000 2215.064941 0.000000 0.789175 0.000000 -0.614168 0.779303 0.779303 0.779303
4437.525879 0.000000 2220.091553 0.000000 0.461365 0.000000 -0.887211 0.616346 0.616346 0.616346
4415.495117 0.000000 2214.270020 0.000000 0.497156 0.000000 -0.867661 1.001253 1.001253 1.001253
4465.362305 0.000000 2208.154785 0.000000 0.532596 0.000000 0.846370 0.488141 0.488141 0.488141
4474.645020 0.000000 2231.030029 0.000000 0.073973 0.000000 -0.997260 0.994598 0.994598 0.994598
4463.634766 0.000000 2214.917480 0.000000 0.539950 0.000000 0.841697 0.336254 0.336254 0.336254
4471.238281 0.000000 2210.760010 0.000000 0.332849 0.000000 -0.942980 0.863786 0.863786 0.863786
4438.469727 0.000000 2216.008057 0.000000 0.985681 0.000000 -0.168623 0.638831 0.638831 0.638831
4459.262695 0.000000 2215.547363 0.000000 0.961279 0.000000 -0.275576 0.681550 0.681550 0.681550
4445.556641 0.000000 2215.041260 0.000000 0.562720 0.000000 -0.826648 0.849262 0.849262 0.849262
4464.889648 0.000000 2219.974365 0.000000 0.061005 0.000000 0.998137 0.550247 0.550247 0.550247
4420.729492 0.000000 2217.143066 0.000000 0.320546 0.000000 -0.947233 0.963511 0.963511 0.963511
4449.206055 0.000000 2222.421875 0.000000 0.466695 0.000000 0.884419 0.570739 0.570739 0.570739
4463.982422 0.000000 2211.309082 0.000000 0.943334 0.000000 -0.331845 0.678030 0.678030 0.678030
4468.376953 0.000000 2209.281738 0.000000 0.987055 0.000000 0.160385 0.584558 0.584558 0.584558
4459.825684 0.000000 2208.541016 0.000000 0.998547 0.000000 -0.053896 0.604362 0.604362 0.604362
4418.269043 0.000000 2215.410889 0.000000 0.368035 0.000000 0.929812 0.231594 0.231594 0.231594
4448.405762 0.000000 2213.386475 0.000000 0.991728 0.000000 -0.128360 0.617931 0.617931 0.617931
4454.891113 0.000000 2212.025635 0.000000 0.878219 0.000000 -0.478258 0.727732 0.727732 0.727732
4423.475098 0.000000 2212.562012 0.000000 0.789407 0.000000 -0.613870 0.741579 0.741579 0.741579
4439.845703 0.000000 2218.478027 0.000000 0.904552 0.000000 -0.426362 0.648824 0.648824 0.648824
4474.082520 0.000000 2210.662354 0.000000 0.915429 0.000000 0.402480 0.516856 0.516856 0.516856
4440.986816 0.000000 2214.949951 0.000000 0.282143 0.000000 0.959372 0.224724 0.224724 0.224724
4462.654297 0.000000 2208.585938 0.000000 0.168694 0.000000 -0.985668 0.757428 0.757428 0.757428
4473.876953 0.000000 2217.354736 0.000000 0.403401 0.000000 -0.915024 0.781750 0.781750 0.781750
4417.410645 0.000000 2234.629395 0.000000 0.612728 0.000000 -0.790294 0.720124 0.720124 0.720124
4464.080566 0.000000 2217.485352 0.000000 0.380423 0.000000 0.924812 0.447920 0.447920 0.447920
4425.855957 0.000000 2210.932617 0.000000 0.737254 0.000000 0.675616 0.517774 0.517774 0.517774
4466.233887 0.000000 2214.668945 0.000000 0.528651 0.000000 -0.848839 0.859677 0.859677 0.859677
4443.637695 0.000000 2219.469971 0.000000 0.998681 0.000000 0.051336 0.588691 0.588691 0.588691
4432.722168 0.000000 2214.437988 0.000000 0.012721 0.000000 0.999919 0.144892 0.144892 0.144892
4470.604980 0.000000 2221.496582 0.000000 0.299607 0.000000 -0.954063 0.698652 0.698652 0.698652
4472.603516 0.000000 2212.730225 0.000000 0.334073 0.000000 -0.942547 0.959329 0.959329 0.959329
4459.107422 0.000000 2218.066895 0.000000 0.962129 0.000000 -0.272593 0.617783 0.617783 0.617783
4425.053223 0.000000 2220.867920 0.000000 0.564095 0.000000 0.825710 0.391910 0.391910 0.391910
4469.449219 0.000000 2212.473389 0.000000 0.977886 0.000000 -0.209140 0.661543 0.661543 0.661543
4466.119629 0.000000 2210.291504 0.000000 0.935504 0.000000 -0.353317 0.679516 0.679516 0.679516
4461.049316 0.000000 2214.158447 0.000000 0.790991 0.000000 0.611828 0.421499 0.421499 0.421499
4435.993652 0.000000 2215.737549 0.000000 0.018847 0.000000 -0.999822 1.053318 1.053318 1.053318
4443.226074 0.000000 2214.930908 0.000000 0.904118 0.000000 0.427284 0.471044 0.471044 0.471044
4453.532715 0.000000 2213.631592 0.000000 0.999571 0.000000 0.029289 0.593594 0.593594 0.593594
4477.946289 0.000000 2213.489990 0.000000 0.994910 0.000000 0.100772 0.571876 0.571876 0.571876
4421.761719 0.000000 2223.848145 0.000000 0.367769 0.000000 0.929917 0.388921 0.388921 0.388921
4415.497559 0.000000 2212.115479 0.000000 0.998895 0.000000 0.047003 0.587111 0.587111 0.587111
4448.217773 0.000000 2220.298096 0.000000 0.168598 0.000000 -0.985685 0.763736 0.763736 0.763736
4415.462402 0.000000 2233.857666 0.000000 0.995734 0.000000 -0.092272 0.625053 0.625053 0.625053
4472.647461 0.000000 2209.213867 0.000000 0.103347 0.000000 -0.994645 0.723080 0.723080 0.723080
4465.084961 0.000000 2213.007324 0.000000 0.873050 0.000000 -0.487630 0.748786 0.748786 0.748786
4422.181641 0.000000 2220.288574 0.000000 0.801869 0.000000 -0.597500 0.834056 0.834056 0.834056
4475.104004 0.000000 2208.934082 0.000000 0.537236 0.000000 -0.843432 0.679679 0.679679 0.679679
4441.777344 0.000000 2210.445312 0.000000 0.652584 0.000000 -0.757716 0.709474 0.709474 0.709474
4450.218750 0.000000 2214.183350 0.000000 0.999577 0.000000 -0.029082 0.608278 0.608278 0.608278
4428.922852 0.000000 2216.536133 0.000000 0.009716 0.000000 0.999953 0.235212 0.235212 0.235212
4465.076660 0.000000 2237.830078 0.000000 0.696619 0.000000 0.717441 0.324339 0.324339 0.324339
4450.866211 0.000000 2217.155273 0.000000 0.558275 0.000000 -0.829656 0.885814 0.885814 0.885814
4457.160156 0.000000 2214.530029 0.000000 0.997016 0.000000 0.077201 0.577427 0.577427 0.577427
4424.904785 0.000000 2213.756348 0.000000 0.097766 0.000000 -0.995209 0.937558 0.937558 0.937558
4465.641113 0.000000 2216.453369 0.000000 0.975351 0.000000 -0.220660 0.628662 0.628662 0.628662
4440.677246 0.000000 2216.749512 0.000000 0.757608 0.000000 -0.652710 0.793877 0.793877 0.793877
4439.424316 0.000000 2211.002197 0.000000 0.841616 0.000000 0.540076 0.516248 0.516248 0.516248
4478.068848 0.000000 2217.670166 0.000000 0.343226 0.000000 0.939253 0.347716 0.347716 0.347716
4421.208496 0.000000 2221.799072 0.000000 0.645898 0.000000 0.763424 0.342383 0.342383 0.342383
4449.130371 0.000000 2218.096680 0.000000 0.499956 0.000000 0.866051 0.355282 0.355282 0.355282
4472.134277 0.000000 2216.971436 0.000000 0.237428 0.000000 0.971405 0.390645 0.390645 0.390645
4442.159180 0.000000 2213.537598 0.000000 0.381735 0.000000 0.924272 0.363323 0.363323 0.363323
4429.442871 0.000000 2212.624268 0.000000 0.664350 0.000000 -0.747422 0.821289 0.821289 0.821289
4421.845215 0.000000 2218.507080 0.000000 0.412604 0.000000 0.910910 0.370075 0.370075 0.370075
4459.385742 0.000000 2213.719238 0.000000 0.980474 0.000000 0.196648 0.542183 0.542183 0.542183
4418.914551 0.000000 2213.599609 0.000000 0.858425 0.000000 -0.512939 0.692781 0.692781 0.692781
4449.739746 0.000000 2212.358643 0.000000 0.492116 0.000000 0.870530 0.452853 0.452853 0.452853
4475.981445 0.000000 2215.487549 0.000000 0.970946 0.000000 -0.239300 0.668050 0.668050 0.668050
4415.499512 0.000000 2228.745117 0.000000 0.094494 0.000000 -0.995525 0.863131 0.863131 0.863131
4455.947266 0.000000 2213.299072 0.000000 0.938999 0.000000 -0.343921 0.689930 0.689930 0.689930
4415.776855 0.000000 2230.389160 0.000000 0.440215 0.000000 -0.897892 0.833818 0.833818 0.833818
4417.551270 0.000000 2216.865479 0.000000 0.848824 0.000000 0.528675 0.387227 0.387227 0.387227
4467.694336 0.000000 2210.764160 0.000000 0.999999 0.000000 -0.001154 0.600254 0.600254 0.600254
4432.319824 0.000000 2216.831543 0.000000 0.998672 0.000000 -0.051514 0.610190 0.610190 0.610190
4467.617676 0.000000 2215.474365 0.000000 0.789437 0.000000 0.613831 0.430712 0.430712 0.430712
4467.700684 0.000000 2213.804688 0.000000 0.958376 0.000000 -0.285509 0.684573 0.684573 0.684573
4416.687500 0.000000 2215.515869 0.000000 0.948652 0.000000 0.316321 0.477063 0.477063 0.477063
4421.743652 0.000000 2212.331299 0.000000 0.795239 0.000000 0.606297 0.474129 0.474129 0.474129
4419.187500 0.000000 2216.653320 0.000000 0.043276 0.000000 0.999063 0.087466 0.087466 0.087466
4417.667480 0.000000 2230.690918 0.000000 0.184226 0.000000 0.982884 0.313595 0.313595 0.313595
4462.469727 0.000000 2217.639160 0.000000 0.509636 0.000000 0.860390 0.444809 0.444809 0.444809
4417.212402 0.000000 2227.639404 0.000000 0.726085 0.000000 0.687604 0.375130 0.375130 0.375130
4460.523926 0.000000 2217.451904 0.000000 0.594062 0.000000 -0.804420 0.749812 0.749812 0.749812
4432.217285 0.000000 2211.115967 0.000000 0.589416 0.000000 0.807829 0.446447 0.446447 0.446447
4459.188477 0.000000 2212.109131 0.000000 0.909715 0.000000 -0.415232 0.725075 0.725075 0.725075
4416.199219 0.000000 2223.277344 0.000000 0.297889 0.000000 -0.954601 1.082561 1.082561 1.082561
4472.631348 0.000000 2211.257080 0.000000 0.756766 0.000000 -0.653686 0.745138 0.745138 0.745138
4440.360840 0.000000 2213.615479 0.000000 0.977567 0.000000 -0.210624 0.651815 0.651815 0.651815
4425.452148 0.000000 2212.355957 0.000000 0.812010 0.000000 0.583643 0.457171 0.457171 0.457171
4446.317871 0.000000 2216.424805 0.000000 0.522388 0.000000 0.852708 0.301727 0.301727 0.301727
4436.727051 0.000000 2210.447754 0.000000 0.834486 0.000000 -0.551029 0.692664 0.692664 0.692664
4469.094727 0.000000 2220.698486 0.000000 0.228937 0.000000 -0.973441 0.868930 0.868930 0.868930
4439.420898 0.000000 2212.446289 0.000000 0.072440 0.000000 0.997373 0.207241 0.207241 0.207241
4444.928711 0.000000 2218.858154 0.000000 0.074296 0.000000 0.997236 0.254802 0.254802 0.254802
4425.117188 0.000000 2218.633545 0.000000 0.839340 0.000000 -0.543607 0.819530 0.819530 0.819530
4442.184570 0.000000 2215.895020 0.000000 0.801507 0.000000 -0.597986 0.787229 0.787229 0.787229
4447.970215 0.000000 2218.924316 0.000000 0.962113 0.000000 -0.272652 0.664116 0.664116 0.664116
4434.781738 0.000000 2215.050049 0.000000 0.362907 0.000000 -0.931826 0.950343 0.950343 0.950343
4417.256348 0.000000 2233.290039 0.000000 0.943432 0.000000 -0.331566 0.704793 0.704793 0.704793
4437.183105 0.000000 2216.483398 0.000000 0.976990 0.000000 -0.213283 0.645396 0.645396 0.645396
4476.933105 0.000000 2214.452881 0.000000 0.994181 0.000000 -0.107725 0.631527 0.631527 0.631527
4464.980469 0.000000 2215.224609 0.000000 0.228463 0.000000 0.973553 0.270742 0.270742 0.270742
4428.187012 0.000000 2213.352539 0.000000 0.410195 0.000000 0.911998 0.299032 0.299032 0.299032
4452.204102 0.000000 2216.505615 0.000000 0.280847 0.000000 -0.959753 0.975671 0.975671 0.975671
4473.748535 0.000000 2212.006592 0.000000 0.719226 0.000000 -0.694776 0.824362 0.824362 0.824362
4455.823242 0.000000 2216.168945 0.000000 0.963617 0.000000 0.267287 0.531098 0.531098 0.531098
4478.937988 0.000000 2215.023193 0.000000 0.973476 0.000000 -0.228788 0.667425 0.667425 0.667425
4396.855957 0.000000 2285.847168 0.000000 0.176991 0.000000 0.984212 0.387185 0.387185 0.387185
4394.846680 0.000000 2284.406738 0.000000 0.008475 0.000000 0.999964 0.307469 0.307469 0.307469
4380.436523 0.000000 2249.556641 0.000000 0.874611 0.000000 0.484825 0.542377 0.542377 0.542377
4357.769531 0.000000 2287.832520 0.000000 0.095764 0.000000 -0.995404 0.732556 0.732556 0.732556
4358.189453 0.000000 2284.272949 0.000000 0.729188 0.000000 -0.684313 0.671123 0.671123 0.671123
4357.216309 0.000000 2285.783447 0.000000 0.997445 0.000000 -0.071438 0.609532 0.609532 0.609532
4375.748535 0.000000 2260.104980 0.000000 0.999819 0.000000 0.019000 0.594706 0.594706 0.594706
4474.645020 0.000000 2295.014404 0.000000 0.454925 0.000000 0.890530 0.527599 0.527599 0.527599
4474.015625 0.000000 2297.881348 0.000000 0.163085 0.000000 -0.986612 0.730668 0.730668 0.730668
4434.201172 0.000000 2245.496094 0.000000 0.887738 0.000000 0.460348 0.503977 0.503977 0.503977
4479.440430 0.000000 2261.322510 0.000000 0.921210 0.000000 0.389066 0.579049 0.579049 0.579049
4472.321289 0.000000 2294.313477 0.000000 0.021370 0.000000 -0.999772 0.743898 0.743898 0.743898
4440.470215 0.000000 2243.238037 0.000000 0.252748 0.000000 -0.967532 0.743824 0.743824 0.743824
4472.647461 0.000000 2273.198242 0.000000 0.377458 0.000000 -0.926027 0.784410 0.784410 0.784410
4473.057617 0.000000 2296.186035 0.000000 0.908856 0.000000 -0.417110 0.655427 0.655427 0.655427
4436.903320 0.000000 2249.158691 0.000000 0.948128 0.000000 -0.317889 0.688194 0.688194 0.688194
4433.921387 0.000000 2243.564697 0.000000 0.564353 0.000000 -0.825534 0.810933 0.810933 0.810933
4478.500977 0.000000 2259.789062 0.000000 0.601148 0.000000 -0.799138 0.738687 0.738687 0.738687
4470.002930 0.000000 2273.119141 0.000000 0.386874 0.000000 0.922133 0.408388 0.408388 0.408388
4435.356934 0.000000 2244.478027 0.000000 0.884881 0.000000 0.465816 0.502739 0.502739 0.502739
4446.524414 0.000000 2240.943359 0.000000 0.704863 0.000000 0.709343 0.307058 0.307058 0.307058
4419.288574 0.000000 2285.399170 0.000000 0.642322 0.000000 -0.766435 0.766129 0.766129 0.766129
4418.555664 0.000000 2287.600098 0.000000 0.596455 0.000000 -0.802647 0.768874 0.768874 0.768874
4481.428711 0.000000 2218.480225 0.000000 0.437936 0.000000 0.899006 0.471108 0.471108 0.471108
4495.894043 0.000000 2220.826904 0.000000 0.587056 0.000000 -0.809546 0.607066 0.607066 0.607066
4480.166992 0.000000 2209.634521 0.000000 0.097656 0.000000 0.995220 0.540426 0.540426 0.540426
4487.709961 0.000000 2218.961182 0.000000 0.954852 0.000000 0.297081 0.516864 0.516864 0.516864
4483.710449 0.000000 2222.829834 0.000000 0.218872 0.000000 0.975753 0.478655 0.478655 0.478655
4491.511719 0.000000 2221.122803 0.000000 0.776452 0.000000 -0.630177 0.736849 0.736849 0.736849
4483.869629 0.000000 2208.485840 0.000000 0.221643 0.000000 0.975128 0.559637 0.559637 0.559637
4484.721680 0.000000 2217.143066 0.000000 0.781002 0.000000 -0.624528 0.786923 0.786923 0.786923
4490.599121 0.000000 2223.968750 0.000000 0.550813 0.000000 0.834629 0.406232 0.406232 0.406232
4485.198242 0.000000 2210.849365 0.000000 0.572487 0.000000 0.819914 0.493447 0.493447 0.493447
4481.418945 0.000000 2224.366455 0.000000 0.638789 0.000000 -0.769382 0.715719 0.715719 0.715719
4479.662109 0.000000 2216.742432 0.000000 0.306065 0.000000 -0.952011 0.860406 0.860406 0.860406
4493.021973 0.000000 2214.419922 0.000000 0.113445 0.000000 -0.993544 0.682940 0.682940 0.682940
4489.045410 0.000000 2220.867920 0.000000 0.868097 0.000000 -0.496395 0.751727 0.751727 0.751727
4485.753906 0.000000 2223.848145 0.000000 0.747189 0.000000 -0.664611 0.721963 0.721963 0.721963
4490.058594 0.000000 2215.243164 0.000000 0.493377 0.000000 -0.869816 0.773806 0.773806 0.773806
4479.489746 0.000000 2212.115479 0.000000 0.991743 0.000000 -0.128242 0.635636 0.635636 0.635636
4488.696777 0.000000 2223.271484 0.000000 0.235681 0.000000 0.971830 0.210672 0.210672 0.210672
4485.786133 0.000000 2215.321777 0.000000 0.112249 0.000000 -0.993680 1.025967 1.025967 1.025967
4486.946289 0.000000 2217.135986 0.000000 0.991887 0.000000 -0.127125 0.637233 0.637233 0.637233
4488.896973 0.000000 2213.756348 0.000000 0.998819 0.000000 -0.048594 0.607136 0.607136 0.607136
4483.206543 0.000000 2224.807617 0.000000 0.328713 0.000000 0.944430 0.311209 0.311209 0.311209
4483.265625 0.000000 2218.244873 0.000000 0.711929 0.000000 0.702251 0.497373 0.497373 0.497373
4485.200684 0.000000 2221.799072 0.000000 0.607174 0.000000 -0.794569 0.751310 0.751310 0.751310
4483.744629 0.000000 2211.956543 0.000000 0.998020 0.000000 0.062898 0.592175 0.592175 0.592175
4481.183105 0.000000 2213.774414 0.000000 0.995043 0.000000 -0.099447 0.625664 0.625664 0.625664
4485.837402 0.000000 2218.507080 0.000000 0.570207 0.000000 -0.821501 0.761735 0.761735 0.761735
4484.020508 0.000000 2215.204834 0.000000 0.935320 0.000000 -0.353804 0.705632 0.705632 0.705632
4489.767090 0.000000 2225.525146 0.000000 0.879657 0.000000 -0.475608 0.687610 0.687610 0.687610
4491.902344 0.000000 2218.487549 0.000000 0.895814 0.000000 -0.444429 0.697959 0.697959 0.697959
4485.735840 0.000000 2212.331299 0.000000 0.485777 0.000000 0.874083 0.356254 0.356254 0.356254
4480.703613 0.000000 2211.080078 0.000000 0.305038 0.000000 -0.952340 0.785084 0.785084 0.785084
4487.624023 0.000000 2220.479736 0.000000 0.969343 0.000000 -0.245710 0.668051 0.668051 0.668051
4495.894043 0.000000 2284.811279 0.000000 0.769154 0.000000 -0.639064 0.610385 0.610385 0.610385
4507.957520 0.000000 2302.426514 0.000000 0.998839 0.000000 0.048163 0.597041 0.597041 0.597041
4481.770508 0.000000 2248.915039 0.000000 0.774558 0.000000 0.632503 0.510760 0.510760 0.510760
4487.709961 0.000000 2282.945557 0.000000 0.707076 0.000000 -0.707138 0.829425 0.829425 0.829425
4484.706055 0.000000 2277.485352 0.000000 0.038832 0.000000 0.999246 0.163996 0.163996 0.163996
4495.825684 0.000000 2301.594482 0.000000 0.456372 0.000000 0.889789 0.284534 0.284534 0.284534
4483.710449 0.000000 2286.814209 0.000000 0.439297 0.000000 0.898342 0.551522 0.551522 0.551522
4481.797852 0.000000 2260.031494 0.000000 0.619871 0.000000 -0.784704 0.641895 0.641895 0.641895
4488.713867 0.000000 2294.279785 0.000000 0.797103 0.000000 -0.603843 0.713622 0.713622 0.713622
4501.936523 0.000000 2302.160645 0.000000 0.444390 0.000000 0.895833 0.259053 0.259053 0.259053
4508.163574 0.000000 2298.149902 0.000000 0.326800 0.000000 -0.945094 0.648211 0.648211 0.648211
4491.961426 0.000000 2292.342529 0.000000 0.463734 0.000000 -0.885974 0.917973 0.917973 0.917973
4493.074219 0.000000 2299.473145 0.000000 0.786618 0.000000 0.617440 0.425552 0.425552 0.425552
4488.358887 0.000000 2298.099854 0.000000 0.994443 0.000000 -0.105276 0.605846 0.605846 0.605846
4487.036133 0.000000 2286.101562 0.000000 0.309123 0.000000 0.951022 0.268735 0.268735 0.268735
4484.861816 0.000000 2289.746338 0.000000 0.248291 0.000000 -0.968686 0.748282 0.748282 0.748282
4493.480957 0.000000 2282.834473 0.000000 0.995205 0.000000 0.097816 0.595597 0.595597 0.595597
4482.261230 0.000000 2279.395264 0.000000 0.563044 0.000000 0.826427 0.439721 0.439721 0.439721
4490.599121 0.000000 2287.953125 0.000000 0.878102 0.000000 0.478473 0.480426 0.480426 0.480426
4487.467285 0.000000 2276.546387 0.000000 0.657696 0.000000 -0.753284 0.849170 0.849170 0.849170
4503.837891 0.000000 2282.462402 0.000000 0.129474 0.000000 0.991583 0.530930 0.530930 0.530930
4493.152344 0.000000 2302.317139 0.000000 0.650888 0.000000 0.759173 0.505737 0.505737 0.505737
4486.993652 0.000000 2292.061523 0.000000 0.988258 0.000000 -0.152796 0.619301 0.619301 0.619301
4499.577637 0.000000 2295.918945 0.000000 0.684992 0.000000 0.728550 0.515640 0.515640 0.515640
4485.198242 0.000000 2274.833740 0.000000 0.864655 0.000000 -0.502367 0.753740 0.753740 0.753740
4489.252441 0.000000 2270.867188 0.000000 0.987593 0.000000 -0.157038 0.622912 0.622912 0.622912
4505.265137 0.000000 2302.553223 0.000000 0.773887 0.000000 -0.633324 0.731500 0.731500 0.731500
4489.848145 0.000000 2274.916992 0.000000 0.907162 0.000000 -0.420782 0.676766 0.676766 0.676766
4490.336426 0.000000 2296.525146 0.000000 0.600033 0.000000 -0.799975 0.811122 0.811122 0.811122
4489.709473 0.000000 2291.247314 0.000000 0.208913 0.000000 -0.977934 0.997348 0.997348 0.997348
4509.897949 0.000000 2290.370605 0.000000 0.887088 0.000000 -0.461600 0.633060 0.633060 0.633060
4491.024902 0.000000 2294.382812 0.000000 0.002424 0.000000 -0.999997 1.044020 1.044020 1.044020
4490.425293 0.000000 2283.127930 0.000000 0.461226 0.000000 -0.887283 0.770027 0.770027 0.770027
4502.429688 0.000000 2299.555664 0.000000 0.890398 0.000000 -0.455183 0.772725 0.772725 0.772725
4491.479004 0.000000 2290.019531 0.000000 0.663533 0.000000 -0.748147 0.846899 0.846899 0.846899
4494.657715 0.000000 2297.135742 0.000000 0.985424 0.000000 0.170115 0.550067 0.550067 0.550067
4488.950684 0.000000 2281.196045 0.000000 0.556680 0.000000 -0.830727 0.836443 0.836443 0.836443
4486.173828 0.000000 2284.272949 0.000000 0.078453 0.000000 0.996918 0.164116 0.164116 0.164116
4494.984863 0.000000 2303.427246 0.000000 0.077312 0.000000 -0.997007 0.881864 0.881864 0.881864
4500.667480 0.000000 2300.448975 0.000000 0.375085 0.000000 0.926990 0.209059 0.209059 0.209059
4491.967773 0.000000 2297.593750 0.000000 0.484275 0.000000 -0.874916 0.842545 0.842545 0.842545
4504.917480 0.000000 2290.230225 0.000000 0.914441 0.000000 -0.404719 0.749795 0.749795 0.749795
4483.265625 0.000000 2282.229248 0.000000 0.539854 0.000000 0.841759 0.486097 0.486097 0.486097
4506.687500 0.000000 2293.001953 0.000000 0.999996 0.000000 -0.002655 0.600525 0.600525 0.600525
4494.182129 0.000000 2300.901611 0.000000 0.049716 0.000000 -0.998763 1.037460 1.037460 1.037460
4486.507812 0.000000 2290.353027 0.000000 0.879439 0.000000 -0.476011 0.690663 0.690663 0.690663
4490.206543 0.000000 2286.314941 0.000000 0.981736 0.000000 -0.190248 0.645876 0.645876 0.645876
4497.051270 0.000000 2302.719971 0.000000 0.262652 0.000000 0.964891 0.234445 0.234445 0.234445
4486.404785 0.000000 2277.770020 0.000000 0.946438 0.000000 -0.322886 0.696035 0.696035 0.696035
4493.568359 0.000000 2292.549072 0.000000 0.084028 0.000000 -0.996463 1.034250 1.034250 1.034250
4502.394531 0.000000 2294.956299 0.000000 0.895654 0.000000 -0.444752 0.725651 0.725651 0.725651
4504.156738 0.000000 2286.374756 0.000000 0.978787 0.000000 -0.204881 0.640181 0.640181 0.640181
4488.267578 0.000000 2275.155518 0.000000 0.667458 0.000000 0.744648 0.451524 0.451524 0.451524
4503.804688 0.000000 2291.312256 0.000000 0.959993 0.000000 0.280025 0.530277 0.530277 0.530277
4491.902344 0.000000 2282.471924 0.000000 0.541076 0.000000 -0.840974 0.755641 0.755641 0.755641
4505.290039 0.000000 2293.696045 0.000000 0.817125 0.000000 -0.576461 0.809832 0.809832 0.809832
4487.332520 0.000000 2287.937988 0.000000 0.867311 0.000000 -0.497766 0.737360 0.737360 0.737360
4493.490234 0.000000 2298.073975 0.000000 0.576540 0.000000 -0.817069 0.850684 0.850684 0.850684
4483.950684 0.000000 2274.056152 0.000000 0.249833 0.000000 0.968289 0.343289 0.343289 0.343289
4500.794922 0.000000 2287.422852 0.000000 0.244087 0.000000 0.969753 0.278659 0.278659 0.278659
4491.492188 0.000000 2295.673828 0.000000 0.374823 0.000000 0.927096 0.264066 0.264066 0.264066
4506.495605 0.000000 2295.052002 0.000000 0.145673 0.000000 0.989333 0.311916 0.311916 0.311916
4480.068848 0.000000 2247.375488 0.000000 0.518323 0.000000 0.855185 0.381783 0.381783 0.381783
4496.704102 0.000000 2298.210449 0.000000 0.078362 0.000000 0.996925 0.152912 0.152912 0.152912
4486.432129 0.000000 2288.964600 0.000000 0.782108 0.000000 -0.623143 0.755192 0.755192 0.755192
4494.480469 0.000000 2302.197754 0.000000 0.804095 0.000000 0.594500 0.479840 0.479840 0.479840
4502.080078 0.000000 2300.811768 0.000000 0.158589 0.000000 0.987345 0.094663 0.094663 0.094663
4498.647461 0.000000 2302.634277 0.000000 0.172620 0.000000 0.984989 0.206503 0.206503 0.206503
4341.150391 0.000000 2321.846924 0.000000 0.921399 0.000000 0.388619 0.562932 0.562932 0.562932
4340.911621 0.000000 2323.723877 0.000000 0.999477 0.000000 -0.032328 0.608815 0.608815 0.608815
4353.786133 0.000000 2312.899414 0.000000 0.995769 0.000000 -0.091892 0.619711 0.619711 0.619711
4407.756836 0.000000 2347.195557 0.000000 0.704809 0.000000 -0.709397 0.674424 0.674424 0.674424
4372.249023 0.000000 2321.281006 0.000000 0.992982 0.000000 -0.118267 0.628766 0.628766 0.628766
4354.433105 0.000000 2329.855469 0.000000 0.849359 0.000000 0.527815 0.455910 0.455910 0.455910
4374.551270 0.000000 2350.911133 0.000000 0.725406 0.000000 0.688321 0.480595 0.480595 0.480595
4367.684570 0.000000 2363.066162 0.000000 0.999912 0.000000 -0.013286 0.600896 0.600896 0.600896
4372.471191 0.000000 2323.299805 0.000000 0.059502 0.000000 -0.998228 0.729034 0.729034 0.729034
4357.351562 0.000000 2329.589600 0.000000 0.983308 0.000000 0.181948 0.578074 0.578074 0.578074
4472.101074 0.000000 2355.791748 0.000000 0.511103 0.000000 0.859520 0.590704 0.590704 0.590704
4452.809082 0.000000 2336.567871 0.000000 0.196992 0.000000 -0.980405 1.124259 1.124259 1.124259
4474.730469 0.000000 2330.030518 0.000000 0.648872 0.000000 0.760897 0.430322 0.430322 0.430322
4435.099609 0.000000 2312.461182 0.000000 0.995776 0.000000 -0.091813 0.610605 0.610605 0.610605
4455.388672 0.000000 2329.021240 0.000000 0.961666 0.000000 -0.274222 0.631623 0.631623 0.631623
4476.730957 0.000000 2339.589355 0.000000 0.982264 0.000000 -0.187504 0.672048 0.672048 0.672048
4460.676758 0.000000 2339.827148 0.000000 0.854915 0.000000 -0.518768 0.663725 0.663725 0.663725
4477.627930 0.000000 2354.523682 0.000000 0.932190 0.000000 -0.361969 0.632179 0.632179 0.632179
4473.764160 0.000000 2335.426514 0.000000 0.997345 0.000000 0.072820 0.572160 0.572160 0.572160
4460.094238 0.000000 2316.095947 0.000000 0.754177 0.000000 -0.656671 0.856473 0.856473 0.856473
4473.130371 0.000000 2351.132324 0.000000 0.071037 0.000000 -0.997474 0.737033 0.737033 0.737033
4456.619629 0.000000 2333.592285 0.000000 0.123391 0.000000 -0.992358 1.152748 1.152748 1.152748
4460.881836 0.000000 2329.307617 0.000000 0.081391 0.000000 -0.996682 0.992636 0.992636 0.992636
4477.476562 0.000000 2333.338867 0.000000 0.994175 0.000000 0.107781 0.575412 0.575412 0.575412
4456.874512 0.000000 2337.870605 0.000000 0.251733 0.000000 -0.967797 1.102799 1.102799 1.102799
4463.634766 0.000000 2342.886230 0.000000 0.497454 0.000000 0.867490 0.563820 0.563820 0.563820
4477.770996 0.000000 2343.582764 0.000000 0.793546 0.000000 -0.608510 0.849879 0.849879 0.849879
4452.747559 0.000000 2332.477295 0.000000 0.128056 0.000000 0.991767 0.118187 0.118187 0.118187
4465.160156 0.000000 2331.821045 0.000000 0.555544 0.000000 0.831487 0.285284 0.285284 0.285284
4471.365723 0.000000 2307.991699 0.000000 0.080130 0.000000 -0.996784 0.671449 0.671449 0.671449
4463.982422 0.000000 2339.277832 0.000000 0.869514 0.000000 -0.493908 0.709879 0.709879 0.709879
4459.825684 0.000000 2336.509766 0.000000 0.365416 0.000000 -0.930844 0.988994 0.988994 0.988994
4449.469238 0.000000 2332.604492 0.000000 0.394880 0.000000 -0.918733 0.641877 0.641877 0.641877
4464.000977 0.000000 2328.593994 0.000000 0.237344 0.000000 0.971426 0.268997 0.268997 0.268997
4477.047852 0.000000 2336.519775 0.000000 0.676514 0.000000 -0.736430 0.916188 0.916188 0.916188
4476.352539 0.000000 2351.761230 0.000000 0.445621 0.000000 -0.895222 0.923914 0.923914 0.923914
4469.095215 0.000000 2342.690186 0.000000 0.208705 0.000000 0.977979 0.549050 0.549050 0.549050
4454.891113 0.000000 2339.994385 0.000000 0.639753 0.000000 0.768581 0.287479 0.287479 0.287479
4441.264648 0.000000 2317.971191 0.000000 0.657912 0.000000 0.753095 0.301097 0.301097 0.301097
4458.367676 0.000000 2328.054443 0.000000 0.485809 0.000000 0.874065 0.302098 0.302098 0.302098
4474.082520 0.000000 2338.631104 0.000000 0.021147 0.000000 0.999776 0.008078 0.008078 0.008078
4451.922852 0.000000 2343.183838 0.000000 0.621690 0.000000 -0.783264 0.733450 0.733450 0.733450
4462.558105 0.000000 2331.260010 0.000000 0.841052 0.000000 -0.540954 0.802913 0.802913 0.802913
4451.000977 0.000000 2334.681152 0.000000 0.991571 0.000000 -0.129565 0.634449 0.634449 0.634449
4465.923340 0.000000 2326.987305 0.000000 0.875230 0.000000 0.483707 0.531178 0.531178 0.531178
4454.257812 0.000000 2334.512451 0.000000 0.970696 0.000000 -0.240310 0.692699 0.692699 0.692699
4459.057617 0.000000 2334.085449 0.000000 0.465417 0.000000 0.885091 0.184915 0.184915 0.184915
4475.187012 0.000000 2349.627441 0.000000 0.911998 0.000000 0.410195 0.512629 0.512629 0.512629
4472.673340 0.000000 2328.702393 0.000000 0.385538 0.000000 -0.922692 0.735526 0.735526 0.735526
4463.979980 0.000000 2334.013672 0.000000 0.817031 0.000000 -0.576594 0.831060 0.831060 0.831060
4479.360840 0.000000 2339.795654 0.000000 0.885839 0.000000 -0.463993 0.784301 0.784301 0.784301
4446.459473 0.000000 2336.987061 0.000000 0.568847 0.000000 -0.822443 0.727295 0.727295 0.727295
4475.546875 0.000000 2332.147217 0.000000 0.803528 0.000000 -0.595267 0.832084 0.832084 0.832084
4478.547363 0.000000 2352.443848 0.000000 0.842576 0.000000 -0.538577 0.710753 0.710753 0.710753
4471.187012 0.000000 2333.564697 0.000000 0.555444 0.000000 0.831554 0.224942 0.224942 0.224942
4454.993652 0.000000 2336.739014 0.000000 0.440097 0.000000 -0.897950 1.025933 1.025933 1.025933
4476.259277 0.000000 2345.114014 0.000000 0.989144 0.000000 0.146947 0.561119 0.561119 0.561119
4458.905762 0.000000 2338.614258 0.000000 0.997938 0.000000 -0.064178 0.608947 0.608947 0.608947
4478.775879 0.000000 2337.702148 0.000000 0.997999 0.000000 0.063229 0.575832 0.575832 0.575832
4446.277344 0.000000 2303.510010 0.000000 0.340779 0.000000 0.940143 0.352674 0.352674 0.352674
4478.690918 0.000000 2335.033447 0.000000 0.843987 0.000000 0.536364 0.447358 0.447358 0.447358
4450.379883 0.000000 2336.608398 0.000000 0.057801 0.000000 0.998328 0.083281 0.083281 0.083281
4472.647461 0.000000 2337.182617 0.000000 0.221268 0.000000 -0.975213 1.114776 1.114776 1.114776
4462.168945 0.000000 2338.487793 0.000000 0.967497 0.000000 0.252882 0.545620 0.545620 0.545620
4469.819336 0.000000 2328.971924 0.000000 0.998823 0.000000 0.048496 0.586265 0.586265 0.586265
4450.218750 0.000000 2342.152100 0.000000 0.191436 0.000000 0.981505 0.395624 0.395624 0.395624
4462.651855 0.000000 2327.211182 0.000000 0.302093 0.000000 0.953278 0.492085 0.492085 0.492085
4469.474121 0.000000 2331.732910 0.000000 0.144189 0.000000 0.989550 0.117219 0.117219 0.117219
4447.438965 0.000000 2343.343994 0.000000 0.809586 0.000000 -0.587001 0.654504 0.654504 0.654504
4453.678711 0.000000 2343.759277 0.000000 0.961687 0.000000 -0.274149 0.629119 0.629119 0.629119
4478.068848 0.000000 2345.638916 0.000000 0.238286 0.000000 0.971195 0.091903 0.091903 0.091903
4473.005859 0.000000 2330.722656 0.000000 0.358437 0.000000 0.933554 0.278922 0.278922 0.278922
4455.981934 0.000000 2335.240479 0.000000 0.361267 0.000000 0.932462 0.141187 0.141187 0.141187
4475.056152 0.000000 2340.203125 0.000000 0.979739 0.000000 -0.200278 0.677022 0.677022 0.677022
4468.436035 0.000000 2326.774902 0.000000 0.992838 0.000000 0.119469 0.579191 0.579191 0.579191
4451.487305 0.000000 2338.049805 0.000000 0.932877 0.000000 0.360195 0.482986 0.482986 0.482986
4473.863281 0.000000 2343.549316 0.000000 0.868885 0.000000 0.495014 0.544149 0.544149 0.544149
4457.164062 0.000000 2329.364014 0.000000 0.746295 0.000000 -0.665616 0.761463 0.761463 0.761463
4469.487793 0.000000 2338.659424 0.000000 0.948654 0.000000 -0.316317 0.682439 0.682439 0.682439
4461.189453 0.000000 2335.520020 0.000000 0.956336 0.000000 0.292271 0.486707 0.486707 0.486707
4476.179688 0.000000 2353.446777 0.000000 0.204103 0.000000 -0.978949 0.882216 0.882216 0.882216
4458.354980 0.000000 2332.526367 0.000000 0.886266 0.000000 0.463177 0.416051 0.416051 0.416051
4461.912109 0.000000 2316.532715 0.000000 0.109231 0.000000 0.994016 0.076831 0.076831 0.076831
4478.833008 0.000000 2332.278076 0.000000 0.489889 0.000000 -0.871785 0.725299 0.725299 0.725299
4455.947266 0.000000 2341.267822 0.000000 0.995876 0.000000 -0.090724 0.615378 0.615378 0.615378
4455.261230 0.000000 2305.167480 0.000000 0.042326 0.000000 -0.999104 0.986929 0.986929 0.986929
4456.620605 0.000000 2339.645752 0.000000 0.366943 0.000000 0.930244 0.299257 0.299257 0.299257
4454.520508 0.000000 2338.421143 0.000000 0.620951 0.000000 -0.783849 0.921156 0.921156 0.921156
4441.492188 0.000000 2316.305176 0.000000 0.911888 0.000000 -0.410438 0.748245 0.748245 0.748245
4460.782715 0.000000 2317.687988 0.000000 0.365168 0.000000 0.930942 0.171474 0.171474 0.171474
4466.851074 0.000000 2336.702637 0.000000 0.402962 0.000000 0.915217 0.236349 0.236349 0.236349
4472.704590 0.000000 2334.198242 0.000000 0.992425 0.000000 0.122856 0.552954 0.552954 0.552954
4477.489258 0.000000 2350.615723 0.000000 0.999614 0.000000 0.027777 0.591885 0.591885 0.591885
4476.421875 0.000000 2341.171387 0.000000 0.310702 0.000000 -0.950507 1.079323 1.079323 1.079323
4456.704590 0.000000 2331.935791 0.000000 0.608928 0.000000 -0.793225 0.949920 0.949920 0.949920
4454.356445 0.000000 2332.921631 0.000000 0.968094 0.000000 0.250588 0.503251 0.503251 0.503251
4477.488770 0.000000 2347.049561 0.000000 0.718254 0.000000 -0.695781 0.813243 0.813243 0.813243
4456.110352 0.000000 2330.436035 0.000000 0.979097 0.000000 0.203396 0.521763 0.521763 0.521763
4454.332031 0.000000 2330.177002 0.000000 0.959191 0.000000 -0.282759 0.682447 0.682447 0.682447
4478.039062 0.000000 2339.005859 0.000000 0.626131 0.000000 0.779718 0.258435 0.258435 0.258435
4465.271973 0.000000 2333.342285 0.000000 0.188937 0.000000 0.981989 0.072605 0.072605 0.072605
4475.157227 0.000000 2346.028809 0.000000 0.858567 0.000000 -0.512701 0.686282 0.686282 0.686282
4474.311035 0.000000 2331.414551 0.000000 0.970319 0.000000 0.241827 0.552071 0.552071 0.552071
4461.502930 0.000000 2328.048828 0.000000 0.951034 0.000000 -0.309088 0.682843 0.682843 0.682843
4477.155273 0.000000 2335.084961 0.000000 0.900775 0.000000 0.434286 0.428401 0.428401 0.428401
4461.426758 0.000000 2332.307617 0.000000 0.696316 0.000000 0.717735 0.294215 0.294215 0.294215
4460.245605 0.000000 2333.309082 0.000000 0.901436 0.000000 0.432912 0.428983 0.428983 0.428983
4447.617188 0.000000 2303.847900 0.000000 0.465239 0.000000 0.885185 0.380208 0.380208 0.380208
4474.715820 0.000000 2350.930908 0.000000 0.562008 0.000000 -0.827132 0.805713 0.805713 0.805713
4461.364746 0.000000 2337.032959 0.000000 0.407229 0.000000 -0.913326 0.901819 0.901819 0.901819
4452.836914 0.000000 2340.316162 0.000000 0.573444 0.000000 0.819245 0.381401 0.381401 0.381401
4465.228027 0.000000 2334.742920 0.000000 0.877552 0.000000 0.479481 0.408990 0.408990 0.408990
4452.017578 0.000000 2341.838379 0.000000 0.358732 0.000000 -0.933441 0.874107 0.874107 0.874107
4476.933105 0.000000 2342.421631 0.000000 0.807007 0.000000 -0.590542 0.841303 0.841303 0.841303
4457.751465 0.000000 2334.416748 0.000000 0.332869 0.000000 -0.942973 1.070380 1.070380 1.070380
4476.038574 0.000000 2333.408447 0.000000 0.278599 0.000000 -0.960408 0.893364 0.893364 0.893364
4453.874512 0.000000 2335.783936 0.000000 0.957955 0.000000 0.286919 0.488843 0.488843 0.488843
4478.799805 0.000000 2353.750488 0.000000 0.101940 0.000000 -0.994791 0.885997 0.885997 0.885997
4478.937012 0.000000 2344.289795 0.000000 0.993952 0.000000 -0.109814 0.642031 0.642031 0.642031
4459.968750 0.000000 2335.081787 0.000000 0.995733 0.000000 0.092286 0.564699 0.564699 0.564699
4478.937988 0.000000 2342.991943 0.000000 0.934419 0.000000 -0.356176 0.739104 0.739104 0.739104
4477.483887 0.000000 2337.752197 0.000000 0.998131 0.000000 -0.061113 0.623358 0.623358 0.623358
4455.655762 0.000000 2332.698486 0.000000 0.245886 0.000000 0.969299 0.094895 0.094895 0.094895
4361.144043 0.000000 2377.667236 0.000000 0.044627 0.000000 0.999004 0.273092 0.273092 0.273092
4360.689453 0.000000 2374.321777 0.000000 0.972051 0.000000 0.234770 0.577281 0.577281 0.577281
4414.423340 0.000000 2430.076904 0.000000 0.989100 0.000000 0.147244 0.587161 0.587161 0.587161
4415.562988 0.000000 2428.493408 0.000000 0.878697 0.000000 0.477379 0.452396 0.452396 0.452396
4417.410645 0.000000 2426.582520 0.000000 0.981062 0.000000 0.193694 0.588029 0.588029 0.588029
4490.834473 0.000000 2304.224365 0.000000 0.129787 0.000000 0.991542 0.597842 0.597842 0.597842
4488.014160 0.000000 2353.305664 0.000000 0.925658 0.000000 0.378361 0.590119 0.590119 0.590119
4480.166992 0.000000 2337.603271 0.000000 0.999100 0.000000 0.042417 0.587734 0.587734 0.587734
4487.709961 0.000000 2346.929932 0.000000 0.778412 0.000000 0.627754 0.401765 0.401765 0.401765
4483.710449 0.000000 2350.798584 0.000000 0.633383 0.000000 -0.773839 0.780266 0.780266 0.780266
4479.487305 0.000000 2342.238770 0.000000 0.156972 0.000000 0.987603 0.060208 0.060208 0.060208
4491.511719 0.000000 2349.091553 0.000000 0.271219 0.000000 -0.962518 0.728140 0.728140 0.728140
4496.982910 0.000000 2303.443359 0.000000 0.108953 0.000000 -0.994047 1.009420 1.009420 1.009420
4491.053711 0.000000 2345.018311 0.000000 0.999984 0.000000 0.005582 0.599666 0.599666 0.599666
4487.890625 0.000000 2343.363037 0.000000 0.771678 0.000000 -0.636013 0.672279 0.672279 0.672279
4479.527832 0.000000 2334.512939 0.000000 0.871218 0.000000 -0.490896 0.738351 0.738351 0.738351
4481.915527 0.000000 2340.134521 0.000000 0.667435 0.000000 0.744668 0.279130 0.279130 0.279130
4482.261230 0.000000 2343.379639 0.000000 0.621752 0.000000 0.783214 0.256294 0.256294 0.256294
4490.599121 0.000000 2351.937500 0.000000 0.447021 0.000000 0.894524 0.550237 0.550237 0.550237
4484.137695 0.000000 2347.958496 0.000000 0.798061 0.000000 0.602576 0.411094 0.411094 0.411094
4485.198242 0.000000 2338.818115 0.000000 0.842227 0.000000 -0.539124 0.627293 0.627293 0.627293
4481.418945 0.000000 2352.335205 0.000000 0.941461 0.000000 0.337122 0.554673 0.554673 0.554673
4479.662109 0.000000 2344.711182 0.000000 0.998188 0.000000 -0.060167 0.622996 0.622996 0.622996
4481.944824 0.000000 2348.904541 0.000000 0.984350 0.000000 -0.176227 0.651745 0.651745 0.651745
4503.302246 0.000000 2303.593994 0.000000 0.846250 0.000000 0.532787 0.448499 0.448499 0.448499
4482.482422 0.000000 2338.111572 0.000000 0.549553 0.000000 -0.835459 0.828136 0.828136 0.828136
4485.753906 0.000000 2351.816895 0.000000 0.970649 0.000000 0.240499 0.554887 0.554887 0.554887
4488.950684 0.000000 2345.180420 0.000000 0.941934 0.000000 -0.335797 0.652323 0.652323 0.652323
4479.489746 0.000000 2340.084229 0.000000 0.514617 0.000000 0.857420 0.206479 0.206479 0.206479
4486.173828 0.000000 2348.257324 0.000000 0.664395 0.000000 -0.747382 0.841504 0.841504 0.841504
4486.946289 0.000000 2345.104736 0.000000 0.886318 0.000000 0.463077 0.499032 0.499032 0.499032
4485.200684 0.000000 2349.767822 0.000000 0.978461 0.000000 0.206433 0.539265 0.539265 0.539265
4485.837402 0.000000 2346.475830 0.000000 0.519797 0.000000 0.854290 0.300840 0.300840 0.300840
4484.020508 0.000000 2343.173584 0.000000 0.848864 0.000000 -0.528612 0.719304 0.719304 0.719304
4479.791504 0.000000 2352.654785 0.000000 0.968138 0.000000 -0.250418 0.649289 0.649289 0.649289
4480.176758 0.000000 2335.991943 0.000000 0.936423 0.000000 -0.350874 0.646720 0.646720 0.646720
4480.679688 0.000000 2343.484619 0.000000 0.999946 0.000000 -0.010383 0.603966 0.603966 0.603966
4495.145996 0.000000 2303.905273 0.000000 0.985677 0.000000 0.168647 0.568017 0.568017 0.568017
4483.179688 0.000000 2344.622070 0.000000 0.942840 0.000000 -0.333245 0.726210 0.726210 0.726210
4487.332520 0.000000 2351.922363 0.000000 0.361294 0.000000 -0.932452 0.810509 0.810509 0.810509
4481.494141 0.000000 2336.803955 0.000000 0.188541 0.000000 -0.982065 0.999282 0.999282 0.999282
4480.191406 0.000000 2351.246094 0.000000 0.962819 0.000000 0.270146 0.532801 0.532801 0.532801
4482.545410 0.000000 2347.549561 0.000000 0.716063 0.000000 0.698035 0.368525 0.368525 0.368525
4489.109375 0.000000 2346.602295 0.000000 0.095714 0.000000 0.995409 0.266388 0.266388 0.266388
4505.355469 0.000000 2303.703857 0.000000 0.247076 0.000000 0.968996 0.346692 0.346692 0.346692
4483.280762 0.000000 2349.383545 0.000000 0.997524 0.000000 -0.070322 0.620558 0.620558 0.620558
4482.547852 0.000000 2351.584473 0.000000 0.954001 0.000000 -0.299805 0.662030 0.662030 0.662030
4480.091309 0.000000 2345.970215 0.000000 0.088448 0.000000 0.996081 0.033829 0.033829 0.033829
4415.992676 0.000000 2431.556152 0.000000 0.883790 0.000000 -0.467884 0.642301 0.642301 0.642301
"}
