object={
	name="tree_leaf_high_generator_2_0"
	clamp_to_water_level=no
	render_under_water=no
	generated_content=yes
	layer="tree_high_layer"
	pdxmesh="tree_leaf_01_b_mesh"
	count=967
	transform="3902.889893 0.000000 1527.710449 0.000000 0.829218 0.000000 -0.558925 0.405923 0.405923 0.405923
3884.072266 0.000000 1534.406006 0.000000 0.838275 0.000000 0.545247 0.386179 0.386179 0.386179
3880.773193 0.000000 1530.572998 0.000000 0.786606 0.000000 -0.617455 0.416947 0.416947 0.416947
3871.050293 0.000000 1524.605225 0.000000 0.855033 0.000000 -0.518574 0.423683 0.423683 0.423683
3875.509277 0.000000 1530.837646 0.000000 0.941247 0.000000 0.337718 0.371619 0.371619 0.371619
3903.163086 0.000000 1530.159180 0.000000 0.998624 0.000000 -0.052448 0.403432 0.403432 0.403432
3881.455566 0.000000 1535.571777 0.000000 0.739155 0.000000 -0.673536 0.459037 0.459037 0.459037
3878.493896 0.000000 1531.359131 0.000000 0.479930 0.000000 0.877307 0.347097 0.347097 0.347097
3866.876465 0.000000 1532.537842 0.000000 0.921629 0.000000 0.388072 0.377315 0.377315 0.377315
3866.027100 0.000000 1529.743652 0.000000 0.468127 0.000000 0.883661 0.324251 0.324251 0.324251
3916.950928 0.000000 1528.088623 0.000000 0.637736 0.000000 -0.770255 0.404829 0.404829 0.404829
3908.207764 0.000000 1516.161621 0.000000 0.929109 0.000000 -0.369805 0.412861 0.412861 0.412861
3905.473389 0.000000 1530.801270 0.000000 0.793101 0.000000 -0.609091 0.451994 0.451994 0.451994
3912.102051 0.000000 1534.739014 0.000000 0.707505 0.000000 -0.706709 0.441147 0.441147 0.441147
3903.524902 0.000000 1530.029541 0.000000 0.283352 0.000000 0.959016 0.316046 0.316046 0.316046
3834.723389 0.000000 1591.186279 0.000000 0.985001 0.000000 0.172546 0.396450 0.396450 0.396450
3838.645996 0.000000 1589.455688 0.000000 0.991789 0.000000 0.127888 0.392252 0.392252 0.392252
3818.147705 0.000000 1647.444214 0.000000 0.978799 0.000000 -0.204824 0.402266 0.402266 0.402266
3838.897705 0.000000 1655.679199 0.000000 0.218018 0.000000 0.975945 0.386509 0.386509 0.386509
3816.897949 0.000000 1643.133057 0.000000 0.096381 0.000000 0.995344 0.372764 0.372764 0.372764
3816.952881 0.000000 1634.042358 0.000000 0.862871 0.000000 -0.505423 0.408995 0.408995 0.408995
3792.915527 0.000000 1656.925537 0.000000 0.849025 0.000000 -0.528353 0.411118 0.411118 0.411118
3816.781006 0.000000 1658.541748 0.000000 0.993484 0.000000 0.113974 0.397319 0.397319 0.397319
3801.207031 0.000000 1652.300659 0.000000 0.941309 0.000000 -0.337546 0.415473 0.415473 0.415473
3836.761963 0.000000 1657.398560 0.000000 0.980381 0.000000 -0.197113 0.409511 0.409511 0.409511
3795.663574 0.000000 1656.075195 0.000000 0.087636 0.000000 0.996153 0.334836 0.334836 0.334836
3811.517090 0.000000 1658.806396 0.000000 0.768008 0.000000 0.640441 0.363559 0.363559 0.363559
3831.528809 0.000000 1659.910522 0.000000 0.863779 0.000000 0.503870 0.360449 0.360449 0.360449
3819.135986 0.000000 1630.257202 0.000000 0.060995 0.000000 0.998138 0.320093 0.320093 0.320093
3817.463379 0.000000 1663.540527 0.000000 0.719218 0.000000 0.694785 0.350141 0.350141 0.350141
3810.991943 0.000000 1662.855591 0.000000 0.925516 0.000000 0.378709 0.372074 0.372074 0.372074
3828.250000 0.000000 1659.691040 0.000000 0.110842 0.000000 0.993838 0.312537 0.312537 0.312537
3802.884277 0.000000 1660.506592 0.000000 0.877711 0.000000 0.479191 0.375297 0.375297 0.375297
3802.034912 0.000000 1657.712402 0.000000 0.534989 0.000000 -0.844859 0.469841 0.469841 0.469841
3794.142090 0.000000 1659.005371 0.000000 0.196538 0.000000 0.980496 0.328019 0.328019 0.328019
3809.029053 0.000000 1653.578125 0.000000 0.877980 0.000000 -0.478698 0.435143 0.435143 0.435143
3817.739014 0.000000 1631.996948 0.000000 0.679142 0.000000 -0.734007 0.453499 0.453499 0.453499
3806.321777 0.000000 1657.662720 0.000000 0.124588 0.000000 -0.992209 0.502516 0.502516 0.502516
3827.344238 0.000000 1661.642456 0.000000 0.688819 0.000000 0.724934 0.342908 0.342908 0.342908
3833.135742 0.000000 1656.342285 0.000000 0.873911 0.000000 -0.486085 0.432188 0.432188 0.432188
3816.207520 0.000000 1668.883179 0.000000 0.845639 0.000000 -0.533755 0.414056 0.414056 0.414056
3810.737061 0.000000 1671.480103 0.000000 0.378025 0.000000 -0.925796 0.518741 0.518741 0.518741
3794.737305 0.000000 1679.346924 0.000000 0.477882 0.000000 0.878424 0.321276 0.321276 0.321276
3806.261963 0.000000 1680.739258 0.000000 0.094363 0.000000 0.995538 0.333659 0.333659 0.333659
3790.086914 0.000000 1668.855225 0.000000 0.628878 0.000000 0.777504 0.362643 0.362643 0.362643
3821.143555 0.000000 1671.014404 0.000000 0.718358 0.000000 0.695674 0.346603 0.346603 0.346603
3806.250488 0.000000 1677.414917 0.000000 0.941381 0.000000 -0.337345 0.415978 0.415978 0.415978
3798.661621 0.000000 1680.382446 0.000000 0.971731 0.000000 -0.236093 0.417018 0.417018 0.417018
3809.096924 0.000000 1673.404053 0.000000 0.890073 0.000000 0.455817 0.375896 0.375896 0.375896
3793.946289 0.000000 1665.755737 0.000000 0.857856 0.000000 0.513890 0.368740 0.368740 0.368740
3803.715088 0.000000 1681.172485 0.000000 0.998729 0.000000 -0.050393 0.403172 0.403172 0.403172
3823.241455 0.000000 1667.498901 0.000000 0.288266 0.000000 0.957550 0.313190 0.313190 0.313190
3825.227051 0.000000 1664.253174 0.000000 0.727836 0.000000 -0.685751 0.447162 0.447162 0.447162
3816.202393 0.000000 1671.203003 0.000000 0.947164 0.000000 -0.320750 0.418260 0.418260 0.418260
3816.113037 0.000000 1673.565796 0.000000 0.505488 0.000000 0.862834 0.329840 0.329840 0.329840
3813.016113 0.000000 1664.234497 0.000000 0.176322 0.000000 -0.984333 0.485585 0.485585 0.485585
3897.941895 0.000000 1549.150513 0.000000 0.854818 0.000000 0.518929 0.398910 0.398910 0.398910
3885.668945 0.000000 1565.911377 0.000000 0.888535 0.000000 -0.458809 0.402618 0.402618 0.402618
3873.198730 0.000000 1576.493530 0.000000 0.785483 0.000000 -0.618883 0.404998 0.404998 0.404998
3863.012695 0.000000 1540.927979 0.000000 0.307030 0.000000 -0.951700 0.411313 0.411313 0.411313
3844.442627 0.000000 1589.045776 0.000000 0.430379 0.000000 -0.902649 0.414616 0.414616 0.414616
3872.226318 0.000000 1541.670166 0.000000 0.499450 0.000000 -0.866343 0.416219 0.416219 0.416219
3865.784424 0.000000 1582.010376 0.000000 0.972586 0.000000 -0.232545 0.404336 0.404336 0.404336
3870.257568 0.000000 1579.819092 0.000000 0.076882 0.000000 0.997040 0.379861 0.379861 0.379861
3861.301758 0.000000 1589.971069 0.000000 0.999936 0.000000 -0.011325 0.400232 0.400232 0.400232
3856.907715 0.000000 1592.941162 0.000000 0.782929 0.000000 -0.622111 0.411399 0.411399 0.411399
3897.634033 0.000000 1553.416626 0.000000 0.632415 0.000000 0.774630 0.384514 0.384514 0.384514
3851.131592 0.000000 1577.205811 0.000000 0.499809 0.000000 0.866136 0.379604 0.379604 0.379604
3895.148926 0.000000 1562.783691 0.000000 0.395174 0.000000 0.918606 0.367438 0.367438 0.367438
3887.162842 0.000000 1591.161377 0.000000 0.914326 0.000000 -0.404980 0.409785 0.409785 0.409785
3873.276123 0.000000 1582.578003 0.000000 0.941713 0.000000 -0.336419 0.407709 0.407709 0.407709
3881.888184 0.000000 1587.149658 0.000000 0.997236 0.000000 0.074299 0.398181 0.398181 0.398181
3880.199707 0.000000 1540.914429 0.000000 0.881718 0.000000 0.471777 0.383809 0.383809 0.383809
3847.114014 0.000000 1582.273438 0.000000 0.969099 0.000000 0.246672 0.392657 0.392657 0.392657
3887.239502 0.000000 1597.826172 0.000000 0.951897 0.000000 0.306419 0.392847 0.392847 0.392847
3892.447510 0.000000 1569.437988 0.000000 0.001026 0.000000 0.999999 0.362378 0.362378 0.362378
3866.477051 0.000000 1585.126221 0.000000 0.069377 0.000000 0.997591 0.361768 0.361768 0.361768
3901.118408 0.000000 1568.707275 0.000000 0.598911 0.000000 0.800815 0.365223 0.365223 0.365223
3859.004150 0.000000 1597.470581 0.000000 0.683344 0.000000 0.730096 0.378749 0.378749 0.378749
3876.864990 0.000000 1597.054688 0.000000 0.188149 0.000000 0.982140 0.359991 0.359991 0.359991
3902.485596 0.000000 1598.280029 0.000000 0.827678 0.000000 -0.561203 0.417255 0.417255 0.417255
3872.670898 0.000000 1594.030884 0.000000 0.994099 0.000000 0.108480 0.396906 0.396906 0.396906
3871.050293 0.000000 1588.589600 0.000000 0.449500 0.000000 -0.893281 0.441917 0.441917 0.441917
3855.502441 0.000000 1565.754639 0.000000 0.905820 0.000000 -0.423662 0.415291 0.415291 0.415291
3847.545410 0.000000 1572.718262 0.000000 0.807741 0.000000 0.589538 0.371667 0.371667 0.371667
3895.056641 0.000000 1568.030518 0.000000 0.920385 0.000000 -0.391013 0.413439 0.413439 0.413439
3865.126709 0.000000 1542.939087 0.000000 0.642468 0.000000 0.766313 0.359458 0.359458 0.359458
3886.724365 0.000000 1568.742188 0.000000 0.351450 0.000000 0.936207 0.340105 0.340105 0.340105
3883.770508 0.000000 1551.160156 0.000000 0.069445 0.000000 0.997586 0.341530 0.341530 0.341530
3897.947266 0.000000 1577.510986 0.000000 0.805799 0.000000 0.592189 0.344938 0.344938 0.344938
3878.961182 0.000000 1535.678833 0.000000 0.444512 0.000000 0.895773 0.303549 0.303549 0.303549
3890.399658 0.000000 1583.873779 0.000000 0.904571 0.000000 0.426324 0.380648 0.380648 0.380648
3841.497070 0.000000 1584.522705 0.000000 0.865609 0.000000 0.500720 0.372767 0.372767 0.372767
3894.121826 0.000000 1577.384888 0.000000 0.364493 0.000000 -0.931206 0.504057 0.504057 0.504057
3883.473877 0.000000 1538.335327 0.000000 0.990811 0.000000 -0.135253 0.409822 0.409822 0.409822
3898.394775 0.000000 1555.969238 0.000000 0.369319 0.000000 0.929303 0.335693 0.335693 0.335693
3842.497803 0.000000 1586.861816 0.000000 0.291789 0.000000 0.956483 0.334444 0.334444 0.334444
3863.981934 0.000000 1548.094971 0.000000 0.830545 0.000000 -0.556951 0.429200 0.429200 0.429200
3866.927490 0.000000 1535.745972 0.000000 0.431984 0.000000 0.901881 0.350046 0.350046 0.350046
3857.380127 0.000000 1567.661255 0.000000 0.069552 0.000000 0.997578 0.298810 0.298810 0.298810
3890.627930 0.000000 1566.164551 0.000000 0.295803 0.000000 0.955249 0.332122 0.332122 0.332122
3896.743652 0.000000 1560.889771 0.000000 0.125311 0.000000 -0.992118 0.471436 0.471436 0.471436
3858.843750 0.000000 1563.068481 0.000000 0.622487 0.000000 0.782630 0.335819 0.335819 0.335819
3862.653809 0.000000 1552.413696 0.000000 0.763398 0.000000 -0.645929 0.440674 0.440674 0.440674
3842.023193 0.000000 1581.091919 0.000000 0.388745 0.000000 0.921346 0.343259 0.343259 0.343259
3888.050537 0.000000 1566.201172 0.000000 0.919944 0.000000 -0.392050 0.426552 0.426552 0.426552
3900.058350 0.000000 1554.266724 0.000000 0.791100 0.000000 -0.611686 0.441737 0.441737 0.441737
3867.707275 0.000000 1553.203735 0.000000 0.744780 0.000000 0.667310 0.363521 0.363521 0.363521
3866.094238 0.000000 1545.236084 0.000000 0.642463 0.000000 0.766316 0.344635 0.344635 0.344635
3882.722900 0.000000 1540.534790 0.000000 0.996352 0.000000 0.085344 0.394752 0.394752 0.394752
3886.793701 0.000000 1586.087891 0.000000 0.983253 0.000000 0.182248 0.390391 0.390391 0.390391
3865.250977 0.000000 1555.864014 0.000000 0.416377 0.000000 0.909192 0.335603 0.335603 0.335603
3902.016846 0.000000 1573.646118 0.000000 0.688322 0.000000 -0.725405 0.453493 0.453493 0.453493
3903.360840 0.000000 1550.985474 0.000000 0.305680 0.000000 -0.952134 0.473617 0.473617 0.473617
3856.836914 0.000000 1564.094604 0.000000 0.975371 0.000000 -0.220570 0.413437 0.413437 0.413437
3870.347656 0.000000 1535.697510 0.000000 0.511419 0.000000 0.859332 0.328755 0.328755 0.328755
3890.160400 0.000000 1581.829956 0.000000 0.933647 0.000000 -0.358194 0.422681 0.422681 0.422681
3886.839355 0.000000 1573.237183 0.000000 0.995879 0.000000 0.090695 0.394377 0.394377 0.394377
3904.237305 0.000000 1569.790649 0.000000 0.149118 0.000000 -0.988819 0.406386 0.406386 0.406386
3903.625488 0.000000 1596.696655 0.000000 0.802929 0.000000 -0.596075 0.406058 0.406058 0.406058
3919.895996 0.000000 1597.766479 0.000000 0.167491 0.000000 -0.985874 0.414006 0.414006 0.414006
3921.898193 0.000000 1548.933105 0.000000 0.005435 0.000000 0.999985 0.369518 0.369518 0.369518
3920.899902 0.000000 1592.941162 0.000000 0.940643 0.000000 -0.339397 0.408299 0.408299 0.408299
3908.791992 0.000000 1577.299194 0.000000 0.074452 0.000000 -0.997225 0.439597 0.439597 0.439597
3909.411133 0.000000 1543.520386 0.000000 0.357040 0.000000 0.934089 0.369297 0.369297 0.369297
3925.741699 0.000000 1571.893188 0.000000 0.791642 0.000000 -0.610985 0.419035 0.419035 0.419035
3904.055176 0.000000 1535.774902 0.000000 0.025234 0.000000 -0.999682 0.556658 0.556658 0.556658
3908.932129 0.000000 1585.918335 0.000000 0.699993 0.000000 0.714150 0.374185 0.374185 0.374185
3903.594727 0.000000 1554.202393 0.000000 0.909665 0.000000 0.415343 0.383960 0.383960 0.383960
3917.441406 0.000000 1553.209717 0.000000 0.855650 0.000000 0.517555 0.377184 0.377184 0.377184
3926.605713 0.000000 1583.098633 0.000000 0.783087 0.000000 -0.621912 0.421113 0.421113 0.421113
3931.817383 0.000000 1572.956299 0.000000 0.147188 0.000000 -0.989109 0.458976 0.458976 0.458976
3909.268555 0.000000 1571.005615 0.000000 0.832629 0.000000 0.553831 0.375089 0.375089 0.375089
3913.322754 0.000000 1567.039063 0.000000 0.235477 0.000000 0.971880 0.343422 0.343422 0.343422
3917.811768 0.000000 1582.666626 0.000000 0.284749 0.000000 -0.958602 0.448011 0.448011 0.448011
3913.918701 0.000000 1571.088867 0.000000 0.742153 0.000000 -0.670230 0.442177 0.442177 0.442177
3921.712646 0.000000 1571.826660 0.000000 0.141977 0.000000 -0.989870 0.489148 0.489148 0.489148
3913.779785 0.000000 1587.419312 0.000000 0.959401 0.000000 -0.282046 0.421272 0.421272 0.421272
3920.784668 0.000000 1574.594238 0.000000 0.754922 0.000000 0.655814 0.349287 0.349287 0.349287
3921.372314 0.000000 1567.661255 0.000000 0.801983 0.000000 0.597347 0.363560 0.363560 0.363560
3919.187744 0.000000 1587.325806 0.000000 0.715908 0.000000 -0.698195 0.460973 0.460973 0.460973
3922.835938 0.000000 1563.068481 0.000000 0.916256 0.000000 -0.400594 0.428400 0.428400 0.428400
3908.056396 0.000000 1539.408203 0.000000 0.503786 0.000000 -0.863829 0.457276 0.457276 0.457276
3924.707275 0.000000 1577.981323 0.000000 0.375523 0.000000 0.926813 0.346711 0.346711 0.346711
3921.468994 0.000000 1590.574097 0.000000 0.882431 0.000000 -0.470442 0.429347 0.429347 0.429347
3905.279541 0.000000 1598.686279 0.000000 0.295882 0.000000 -0.955225 0.459627 0.459627 0.459627
3913.115479 0.000000 1581.024170 0.000000 0.886377 0.000000 -0.462963 0.424755 0.424755 0.424755
3919.961182 0.000000 1578.532349 0.000000 0.178218 0.000000 -0.983991 0.497279 0.497279 0.497279
3921.147461 0.000000 1582.934326 0.000000 0.628165 0.000000 0.778080 0.352810 0.352810 0.352810
3924.712891 0.000000 1565.026123 0.000000 0.924004 0.000000 -0.382382 0.420179 0.420179 0.420179
3903.595215 0.000000 1544.873901 0.000000 0.475870 0.000000 0.879516 0.339355 0.339355 0.339355
3914.495361 0.000000 1579.299683 0.000000 0.828961 0.000000 -0.559306 0.440898 0.440898 0.440898
3915.549316 0.000000 1586.191284 0.000000 0.915082 0.000000 0.403269 0.372435 0.372435 0.372435
3906.088623 0.000000 1538.543945 0.000000 0.495383 0.000000 0.868674 0.334308 0.334308 0.334308
3920.892578 0.000000 1569.889648 0.000000 0.541861 0.000000 -0.840468 0.457314 0.457314 0.457314
3925.335205 0.000000 1584.939575 0.000000 0.945333 0.000000 -0.326105 0.421230 0.421230 0.421230
3924.682129 0.000000 1582.175781 0.000000 0.834924 0.000000 0.550365 0.364498 0.364498 0.364498
3903.559814 0.000000 1572.271851 0.000000 0.907996 0.000000 -0.418979 0.428494 0.428494 0.428494
3920.829102 0.000000 1564.094604 0.000000 0.004754 0.000000 -0.999989 0.490705 0.490705 0.490705
3905.449463 0.000000 1542.995728 0.000000 0.173909 0.000000 0.984762 0.309385 0.309385 0.309385
3849.206543 0.000000 1609.854858 0.000000 0.868520 0.000000 -0.495654 0.401554 0.401554 0.401554
3870.464844 0.000000 1627.868774 0.000000 0.408035 0.000000 0.912966 0.274195 0.274195 0.274195
3884.746826 0.000000 1635.998901 0.000000 0.311624 0.000000 0.950206 0.391861 0.391861 0.391861
3870.608398 0.000000 1611.021729 0.000000 0.517343 0.000000 -0.855778 0.418974 0.418974 0.418974
3875.544922 0.000000 1636.750122 0.000000 0.700084 0.000000 -0.714060 0.415487 0.415487 0.415487
3880.945068 0.000000 1634.042358 0.000000 0.986390 0.000000 0.164423 0.397113 0.397113 0.397113
3889.230713 0.000000 1627.993042 0.000000 0.489120 0.000000 0.872216 0.380422 0.380422 0.380422
3857.061035 0.000000 1599.615112 0.000000 0.185829 0.000000 -0.982582 0.432476 0.432476 0.432476
3855.573242 0.000000 1607.165283 0.000000 0.011546 0.000000 -0.999933 0.429585 0.429585 0.429585
3883.847168 0.000000 1599.762329 0.000000 0.281795 0.000000 -0.959475 0.437217 0.437217 0.437217
3866.557373 0.000000 1604.156494 0.000000 0.984212 0.000000 -0.176995 0.404087 0.404087 0.404087
3877.705078 0.000000 1602.123291 0.000000 0.191876 0.000000 0.981419 0.369044 0.369044 0.369044
3891.744385 0.000000 1621.338623 0.000000 0.326077 0.000000 0.945343 0.362273 0.362273 0.362273
3888.071533 0.000000 1624.765869 0.000000 0.990948 0.000000 -0.134245 0.403429 0.403429 0.403429
3898.511475 0.000000 1610.162476 0.000000 0.187148 0.000000 0.982332 0.362723 0.362723 0.362723
3858.271729 0.000000 1605.652344 0.000000 0.867930 0.000000 0.496686 0.384428 0.384428 0.384428
3853.573975 0.000000 1624.172241 0.000000 0.851961 0.000000 -0.523605 0.419536 0.419536 0.419536
3855.502441 0.000000 1629.739014 0.000000 0.737234 0.000000 0.675637 0.377405 0.377405 0.377405
3869.923828 0.000000 1630.929810 0.000000 0.955669 0.000000 -0.294445 0.427906 0.427906 0.427906
3892.135986 0.000000 1612.888794 0.000000 0.301159 0.000000 -0.953574 0.454315 0.454315 0.454315
3873.578857 0.000000 1634.628052 0.000000 0.932173 0.000000 0.362012 0.383354 0.383354 0.383354
3850.748535 0.000000 1621.866821 0.000000 0.806970 0.000000 -0.590592 0.423029 0.423029 0.423029
3873.414307 0.000000 1617.644043 0.000000 0.998221 0.000000 -0.059622 0.402383 0.402383 0.402383
3882.437988 0.000000 1624.226318 0.000000 0.206574 0.000000 -0.978431 0.464640 0.464640 0.464640
3850.927734 0.000000 1618.404785 0.000000 0.993909 0.000000 0.110206 0.395975 0.395975 0.395975
3865.041748 0.000000 1630.078247 0.000000 0.942083 0.000000 -0.335380 0.426469 0.426469 0.426469
3866.481934 0.000000 1623.856201 0.000000 0.533769 0.000000 -0.845630 0.478496 0.478496 0.478496
3887.918945 0.000000 1618.927002 0.000000 0.234649 0.000000 0.972080 0.330065 0.330065 0.330065
3875.682861 0.000000 1618.967041 0.000000 0.935232 0.000000 0.354035 0.380124 0.380124 0.380124
3858.729492 0.000000 1615.362549 0.000000 0.778006 0.000000 0.628257 0.370152 0.370152 0.370152
3884.889160 0.000000 1622.879395 0.000000 0.860078 0.000000 0.510163 0.374872 0.374872 0.374872
3867.841064 0.000000 1634.325317 0.000000 0.922996 0.000000 0.384808 0.381855 0.381855 0.381855
3883.473877 0.000000 1602.319702 0.000000 0.967342 0.000000 -0.253474 0.409981 0.409981 0.409981
3881.793945 0.000000 1613.328979 0.000000 0.978241 0.000000 -0.207470 0.411896 0.411896 0.411896
3875.071289 0.000000 1630.852905 0.000000 0.882365 0.000000 0.470565 0.365508 0.365508 0.365508
3885.135742 0.000000 1607.030029 0.000000 0.670950 0.000000 0.741503 0.358292 0.358292 0.358292
3874.743652 0.000000 1622.625244 0.000000 0.424926 0.000000 -0.905228 0.490993 0.490993 0.490993
3878.328125 0.000000 1630.684448 0.000000 0.843643 0.000000 0.536905 0.376512 0.376512 0.376512
3879.099609 0.000000 1627.670288 0.000000 0.787795 0.000000 0.615938 0.360572 0.360572 0.360572
3876.922363 0.000000 1626.148193 0.000000 0.572193 0.000000 0.820119 0.328938 0.328938 0.328938
3858.843750 0.000000 1627.052856 0.000000 0.202585 0.000000 0.979265 0.314693 0.314693 0.314693
3860.029541 0.000000 1631.319336 0.000000 0.525855 0.000000 0.850574 0.347185 0.347185 0.347185
3879.504639 0.000000 1614.095459 0.000000 0.922581 0.000000 -0.385803 0.421754 0.421754 0.421754
3899.902344 0.000000 1608.199341 0.000000 0.143149 0.000000 0.989701 0.330166 0.330166 0.330166
3860.720703 0.000000 1629.010498 0.000000 0.869859 0.000000 0.493301 0.366256 0.366256 0.366256
3870.529541 0.000000 1633.159058 0.000000 0.871405 0.000000 -0.490565 0.436866 0.436866 0.436866
3893.864502 0.000000 1608.631470 0.000000 0.635968 0.000000 -0.771716 0.456340 0.456340 0.456340
3858.650879 0.000000 1618.956665 0.000000 0.708916 0.000000 0.705293 0.353876 0.353876 0.353876
3854.651611 0.000000 1618.958008 0.000000 0.037566 0.000000 0.999294 0.305072 0.305072 0.305072
3902.817139 0.000000 1602.159790 0.000000 0.998461 0.000000 -0.055455 0.403518 0.403518 0.403518
3889.230713 0.000000 2011.899292 0.000000 0.179886 0.000000 0.983687 0.371546 0.371546 0.371546
3897.888916 0.000000 2006.456299 0.000000 0.861472 0.000000 -0.507804 0.413563 0.413563 0.413563
3892.135986 0.000000 1996.795044 0.000000 0.874757 0.000000 0.484561 0.383330 0.383330 0.383330
3884.666748 0.000000 1993.377197 0.000000 0.542768 0.000000 -0.839882 0.439828 0.439828 0.439828
3883.770508 0.000000 1999.050781 0.000000 0.303951 0.000000 -0.952688 0.510269 0.510269 0.510269
3886.620361 0.000000 1998.150391 0.000000 0.989007 0.000000 0.147871 0.387106 0.387106 0.387106
3887.918945 0.000000 2002.833252 0.000000 0.225069 0.000000 0.974343 0.282581 0.282581 0.282581
3884.889160 0.000000 2006.785645 0.000000 0.813268 0.000000 0.581889 0.369611 0.369611 0.369611
3881.793945 0.000000 1997.235229 0.000000 0.626871 0.000000 0.779123 0.330868 0.330868 0.330868
3889.993408 0.000000 2007.065430 0.000000 0.328180 0.000000 -0.944615 0.474083 0.474083 0.474083
3879.504639 0.000000 1998.001709 0.000000 0.343473 0.000000 -0.939162 0.477984 0.477984 0.477984
3891.433838 0.000000 2000.044434 0.000000 0.637869 0.000000 0.770145 0.331966 0.331966 0.331966
3934.838135 0.000000 2039.449463 0.000000 0.834259 0.000000 -0.551373 0.401750 0.401750 0.401750
3949.412598 0.000000 2026.816162 0.000000 0.761934 0.000000 -0.647655 0.403518 0.403518 0.403518
3961.826904 0.000000 2015.504639 0.000000 0.360280 0.000000 0.932844 0.382592 0.382592 0.382592
3929.712646 0.000000 2011.354980 0.000000 0.306120 0.000000 -0.951993 0.420756 0.420756 0.420756
3928.808594 0.000000 2001.468018 0.000000 0.143836 0.000000 0.989602 0.375071 0.375071 0.375071
3965.539063 0.000000 2013.416992 0.000000 0.362649 0.000000 -0.931926 0.420966 0.420966 0.420966
3932.233643 0.000000 2042.212524 0.000000 0.998714 0.000000 -0.050707 0.401115 0.401115 0.401115
3935.726807 0.000000 2047.264893 0.000000 0.783163 0.000000 -0.621817 0.419434 0.419434 0.419434
3912.670654 0.000000 2000.713745 0.000000 0.933441 0.000000 0.358732 0.388458 0.388458 0.388458
3934.383789 0.000000 2044.485474 0.000000 0.528885 0.000000 0.848693 0.370649 0.370649 0.370649
3964.415039 0.000000 2031.839233 0.000000 0.444955 0.000000 0.895553 0.293619 0.293619 0.293619
3917.441406 0.000000 2001.100342 0.000000 0.982627 0.000000 0.185590 0.382011 0.382011 0.382011
3917.566162 0.000000 2008.078491 0.000000 0.679571 0.000000 -0.733609 0.431254 0.431254 0.431254
3922.360596 0.000000 2008.406494 0.000000 0.664301 0.000000 -0.747465 0.476720 0.476720 0.476720
3925.768555 0.000000 2006.717407 0.000000 0.964594 0.000000 0.263740 0.374546 0.374546 0.374546
3914.919922 0.000000 2002.311035 0.000000 0.267449 0.000000 0.963572 0.288350 0.288350 0.288350
3954.391846 0.000000 2031.764404 0.000000 0.927908 0.000000 -0.372810 0.430330 0.430330 0.430330
3922.721680 0.000000 1999.268799 0.000000 0.962328 0.000000 0.271892 0.376352 0.376352 0.376352
3958.667725 0.000000 2029.543457 0.000000 0.646039 0.000000 -0.763304 0.441193 0.441193 0.441193
3922.835938 0.000000 2010.959106 0.000000 0.977392 0.000000 -0.211436 0.413191 0.413191 0.413191
3926.645996 0.000000 2000.304321 0.000000 0.871092 0.000000 0.491121 0.371547 0.371547 0.371547
3960.226563 0.000000 2033.363892 0.000000 0.380828 0.000000 -0.924646 0.493689 0.493689 0.493689
3966.630371 0.000000 2037.346313 0.000000 0.975919 0.000000 -0.218133 0.414164 0.414164 0.414164
3922.643066 0.000000 2002.862915 0.000000 0.980606 0.000000 -0.195990 0.412115 0.412115 0.412115
3924.073730 0.000000 1997.182495 0.000000 0.553435 0.000000 0.832893 0.346920 0.346920 0.346920
3954.801514 0.000000 2035.861084 0.000000 0.991397 0.000000 -0.130891 0.407144 0.407144 0.407144
3954.152588 0.000000 2029.720581 0.000000 0.994124 0.000000 0.108245 0.393447 0.393447 0.393447
4057.697021 0.000000 1947.370605 0.000000 0.510281 0.000000 -0.860008 0.416025 0.416025 0.416025
4065.940918 0.000000 1971.526123 0.000000 0.997969 0.000000 0.063699 0.399045 0.399045 0.399045
4081.408936 0.000000 1952.217163 0.000000 0.027027 0.000000 -0.999635 0.422354 0.422354 0.422354
4072.866699 0.000000 1963.054932 0.000000 0.487887 0.000000 0.872907 0.380396 0.380396 0.380396
4084.016846 0.000000 1970.076904 0.000000 0.410364 0.000000 0.911922 0.377073 0.377073 0.377073
4087.795898 0.000000 1963.289307 0.000000 0.382099 0.000000 0.924121 0.374104 0.374104 0.374104
4061.603271 0.000000 1959.103760 0.000000 0.900221 0.000000 -0.435433 0.411247 0.411247 0.411247
4080.936523 0.000000 1964.036743 0.000000 0.758930 0.000000 0.651172 0.386191 0.386191 0.386191
4065.252686 0.000000 1966.484253 0.000000 0.620296 0.000000 -0.784368 0.426113 0.426113 0.426113
4070.737793 0.000000 1968.229126 0.000000 0.990530 0.000000 -0.137294 0.403301 0.403301 0.403301
4080.029053 0.000000 1955.371460 0.000000 0.850682 0.000000 -0.525681 0.414372 0.414372 0.414372
4075.872314 0.000000 1952.603638 0.000000 0.193307 0.000000 -0.981138 0.439857 0.439857 0.439857
4080.048096 0.000000 1944.687744 0.000000 0.808300 0.000000 -0.588771 0.418231 0.418231 0.418231
4093.094971 0.000000 1952.613525 0.000000 0.612178 0.000000 0.790720 0.373589 0.373589 0.373589
4066.259277 0.000000 1963.560059 0.000000 0.273434 0.000000 -0.961891 0.438115 0.438115 0.438115
4076.802734 0.000000 1968.969727 0.000000 0.115177 0.000000 0.993345 0.359306 0.359306 0.359306
4069.128174 0.000000 1943.129517 0.000000 0.139528 0.000000 -0.990218 0.441436 0.441436 0.441436
4086.266602 0.000000 1968.056030 0.000000 0.007721 0.000000 0.999970 0.354733 0.354733 0.354733
4061.900391 0.000000 1950.851685 0.000000 0.690746 0.000000 -0.723097 0.437129 0.437129 0.437129
4067.969482 0.000000 1959.277588 0.000000 0.450371 0.000000 -0.892841 0.443533 0.443533 0.443533
3994.485107 0.000000 2025.321167 0.000000 0.460106 0.000000 0.887864 0.396726 0.396726 0.396726
3973.003906 0.000000 2001.838013 0.000000 0.940093 0.000000 0.340919 0.390967 0.390967 0.390967
3976.662842 0.000000 2000.713745 0.000000 0.099865 0.000000 -0.995001 0.442593 0.442593 0.442593
3992.034912 0.000000 2008.829712 0.000000 0.027584 0.000000 0.999619 0.356850 0.356850 0.356850
3970.323730 0.000000 2023.457886 0.000000 0.842716 0.000000 0.538358 0.344933 0.344933 0.344933
3990.597900 0.000000 2030.989258 0.000000 0.723982 0.000000 0.689819 0.376434 0.376434 0.376434
3969.149902 0.000000 2037.235229 0.000000 0.562994 0.000000 -0.826461 0.489859 0.489859 0.489859
3995.246094 0.000000 2004.934814 0.000000 0.880159 0.000000 -0.474679 0.420498 0.420498 0.420498
3969.465576 0.000000 2042.676270 0.000000 0.889681 0.000000 -0.456583 0.420360 0.420360 0.420360
3971.361328 0.000000 2039.397705 0.000000 0.998511 0.000000 -0.054544 0.404687 0.404687 0.404687
3977.314941 0.000000 2014.929688 0.000000 0.441510 0.000000 0.897257 0.313822 0.313822 0.313822
3981.803955 0.000000 2030.557251 0.000000 0.989270 0.000000 0.146096 0.392679 0.392679 0.392679
3967.724365 0.000000 2024.789429 0.000000 0.121012 0.000000 -0.992651 0.475993 0.475993 0.475993
3981.084229 0.000000 2022.466919 0.000000 0.717620 0.000000 0.696435 0.339221 0.339221 0.339221
3970.007568 0.000000 2028.982544 0.000000 0.114610 0.000000 0.993411 0.293137 0.293137 0.293137
3981.322510 0.000000 2015.034424 0.000000 0.992089 0.000000 0.125537 0.391704 0.391704 0.391704
3967.624023 0.000000 2027.509399 0.000000 0.175125 0.000000 0.984546 0.317126 0.317126 0.317126
3988.674316 0.000000 2030.066406 0.000000 0.337529 0.000000 0.941315 0.313651 0.313651 0.313651
3977.013184 0.000000 2025.258667 0.000000 0.276076 0.000000 -0.961136 0.486383 0.486383 0.486383
3986.481445 0.000000 2033.882690 0.000000 0.267507 0.000000 0.963556 0.318863 0.318863 0.318863
3982.640137 0.000000 2018.489014 0.000000 0.586296 0.000000 -0.810097 0.461296 0.461296 0.461296
3927.004883 0.000000 2052.802979 0.000000 0.997815 0.000000 0.066070 0.399307 0.399307 0.399307
3936.218506 0.000000 2053.545166 0.000000 0.917810 0.000000 0.397021 0.394496 0.394496 0.394496
3930.549561 0.000000 2052.047119 0.000000 0.677795 0.000000 -0.735251 0.423922 0.423922 0.423922
3936.098877 0.000000 2049.305420 0.000000 0.911667 0.000000 0.410930 0.388371 0.388371 0.388371
4095.574707 0.000000 1950.606689 0.000000 0.992683 0.000000 -0.120750 0.403385 0.403385 0.403385
4833.665039 0.000000 2172.637451 0.000000 0.755843 0.000000 0.654752 0.393228 0.393228 0.393228
4804.991699 0.000000 2175.422119 0.000000 0.376737 0.000000 0.926320 0.389354 0.389354 0.389354
4806.666992 0.000000 2172.781006 0.000000 0.531156 0.000000 -0.847274 0.428769 0.428769 0.428769
4851.781250 0.000000 2169.300049 0.000000 0.155988 0.000000 -0.987759 0.540516 0.540516 0.540516
4854.172852 0.000000 2160.009277 0.000000 0.604322 0.000000 0.796740 0.367779 0.367779 0.367779
4824.243652 0.000000 2145.155518 0.000000 0.889379 0.000000 -0.457171 0.418018 0.418018 0.418018
4810.560059 0.000000 2159.984375 0.000000 0.821978 0.000000 -0.569520 0.419968 0.419968 0.419968
4827.708008 0.000000 2148.815674 0.000000 0.925137 0.000000 -0.379632 0.434609 0.434609 0.434609
4815.385254 0.000000 2141.614014 0.000000 0.834108 0.000000 -0.551601 0.418088 0.418088 0.418088
4839.722656 0.000000 2157.597412 0.000000 0.500374 0.000000 -0.865809 0.485716 0.485716 0.485716
4813.113281 0.000000 2174.348389 0.000000 0.553451 0.000000 0.832881 0.320874 0.320874 0.320874
4832.964355 0.000000 2161.064697 0.000000 0.578591 0.000000 0.815618 0.322373 0.322373 0.322373
4855.403809 0.000000 2171.785400 0.000000 0.810903 0.000000 0.585181 0.373470 0.373470 0.373470
4810.297363 0.000000 2168.556396 0.000000 0.477149 0.000000 0.878823 0.323895 0.323895 0.323895
4849.239258 0.000000 2168.423828 0.000000 0.371078 0.000000 -0.928602 0.484418 0.484418 0.484418
4821.458496 0.000000 2145.217285 0.000000 0.413186 0.000000 -0.910647 0.456592 0.456592 0.456592
4816.675293 0.000000 2150.453613 0.000000 0.864908 0.000000 0.501931 0.357729 0.357729 0.357729
4817.263184 0.000000 2143.520508 0.000000 0.300860 0.000000 0.953668 0.339986 0.339986 0.339986
4828.929688 0.000000 2153.406982 0.000000 0.884410 0.000000 0.466710 0.367754 0.367754 0.367754
4853.597168 0.000000 2163.831055 0.000000 0.427904 0.000000 -0.903824 0.480022 0.480022 0.480022
4817.359863 0.000000 2166.433594 0.000000 0.676657 0.000000 0.736298 0.354546 0.354546 0.354546
4841.059082 0.000000 2152.548584 0.000000 0.098180 0.000000 0.995169 0.327214 0.327214 0.327214
4843.060547 0.000000 2154.082520 0.000000 0.740716 0.000000 -0.671818 0.449288 0.449288 0.449288
4815.851563 0.000000 2154.391602 0.000000 0.071030 0.000000 0.997474 0.279440 0.279440 0.279440
4838.376953 0.000000 2171.202881 0.000000 0.495009 0.000000 -0.868888 0.482017 0.482017 0.482017
4852.125000 0.000000 2171.565918 0.000000 0.764308 0.000000 -0.644852 0.450390 0.450390 0.450390
4817.038086 0.000000 2158.793701 0.000000 0.754888 0.000000 -0.655854 0.454646 0.454646 0.454646
4830.898926 0.000000 2157.977783 0.000000 0.893774 0.000000 -0.448517 0.425546 0.425546 0.425546
4840.417969 0.000000 2164.797119 0.000000 0.003383 0.000000 0.999994 0.283389 0.283389 0.283389
4813.221191 0.000000 2143.003174 0.000000 0.013607 0.000000 0.999907 0.314473 0.314473 0.314473
4810.985840 0.000000 2166.414063 0.000000 0.248967 0.000000 -0.968512 0.482994 0.482994 0.482994
4838.903320 0.000000 2153.269287 0.000000 0.033663 0.000000 -0.999433 0.493635 0.493635 0.493635
4846.676758 0.000000 2161.947266 0.000000 0.626404 0.000000 0.779498 0.332606 0.332606 0.332606
4847.222656 0.000000 2157.459717 0.000000 0.490431 0.000000 0.871480 0.329726 0.329726 0.329726
4819.946777 0.000000 2151.753174 0.000000 0.650515 0.000000 -0.759493 0.452542 0.452542 0.452542
4842.367188 0.000000 2168.853271 0.000000 0.502010 0.000000 -0.864862 0.468345 0.468345 0.468345
4816.783203 0.000000 2145.749023 0.000000 0.973137 0.000000 -0.230227 0.416355 0.416355 0.416355
4832.170898 0.000000 2156.313721 0.000000 0.240709 0.000000 -0.970597 0.489496 0.489496 0.489496
4830.129883 0.000000 2211.277588 0.000000 0.986449 0.000000 -0.164068 0.419833 0.419833 0.419833
4856.107910 0.000000 2215.064941 0.000000 0.608984 0.000000 0.793183 0.390852 0.390852 0.390852
4824.821289 0.000000 2212.199463 0.000000 0.964083 0.000000 -0.265602 0.402819 0.402819 0.402819
4855.318848 0.000000 2180.022949 0.000000 0.967635 0.000000 0.252355 0.393886 0.393886 0.393886
4816.943848 0.000000 2175.474609 0.000000 0.926552 0.000000 -0.376167 0.409628 0.409628 0.409628
4818.166504 0.000000 2217.827393 0.000000 0.576511 0.000000 -0.817089 0.418145 0.418145 0.418145
4819.777832 0.000000 2179.099365 0.000000 0.385035 0.000000 0.922902 0.365956 0.365956 0.365956
4848.689453 0.000000 2227.025391 0.000000 0.487828 0.000000 -0.872940 0.509682 0.509682 0.509682
4851.626953 0.000000 2197.197998 0.000000 0.170076 0.000000 0.985431 0.354566 0.354566 0.354566
4851.781250 0.000000 2233.284424 0.000000 0.971591 0.000000 0.236667 0.391172 0.391172 0.391172
4820.202637 0.000000 2226.636719 0.000000 0.454816 0.000000 0.890585 0.356664 0.356664 0.356664
4811.292969 0.000000 2187.753174 0.000000 0.998208 0.000000 -0.059837 0.401853 0.401853 0.401853
4822.496582 0.000000 2222.942383 0.000000 0.989721 0.000000 0.143014 0.386099 0.386099 0.386099
4841.831543 0.000000 2212.802734 0.000000 0.595593 0.000000 -0.803287 0.489424 0.489424 0.489424
4830.933105 0.000000 2228.433350 0.000000 0.299929 0.000000 -0.953961 0.450577 0.450577 0.450577
4825.217773 0.000000 2190.002441 0.000000 0.991688 0.000000 0.128663 0.387824 0.387824 0.387824
4827.708008 0.000000 2212.800049 0.000000 0.314541 0.000000 -0.949244 0.444967 0.444967 0.444967
4844.549805 0.000000 2185.330322 0.000000 0.906898 0.000000 -0.421350 0.419762 0.419762 0.419762
4830.915527 0.000000 2184.060791 0.000000 0.446489 0.000000 -0.894789 0.447023 0.447023 0.447023
4838.385742 0.000000 2193.317627 0.000000 0.838921 0.000000 -0.544253 0.426724 0.426724 0.426724
4825.009277 0.000000 2182.782715 0.000000 0.931331 0.000000 0.364174 0.382133 0.382133 0.382133
4846.607422 0.000000 2208.585938 0.000000 0.969488 0.000000 0.245139 0.387510 0.387510 0.387510
4843.653320 0.000000 2191.003906 0.000000 0.312044 0.000000 0.950068 0.347428 0.347428 0.347428
4827.760742 0.000000 2204.997559 0.000000 0.448230 0.000000 0.893918 0.342015 0.342015 0.342015
4857.830078 0.000000 2217.354736 0.000000 0.913111 0.000000 0.407711 0.384903 0.384903 0.384903
4838.844238 0.000000 2175.522705 0.000000 0.603630 0.000000 0.797264 0.317989 0.317989 0.317989
4826.364746 0.000000 2199.715576 0.000000 0.832643 0.000000 0.553810 0.351938 0.351938 0.351938
4816.745605 0.000000 2185.758301 0.000000 0.634675 0.000000 0.772779 0.330764 0.330764 0.330764
4847.801758 0.000000 2194.786377 0.000000 0.994283 0.000000 0.106779 0.391079 0.391079 0.391079
4854.004395 0.000000 2217.228760 0.000000 0.257144 0.000000 0.966373 0.339790 0.339790 0.339790
4835.565918 0.000000 2194.826416 0.000000 0.211469 0.000000 -0.977385 0.521348 0.521348 0.521348
4842.725098 0.000000 2235.956299 0.000000 0.997066 0.000000 0.076546 0.393305 0.393305 0.393305
4846.511230 0.000000 2203.291260 0.000000 0.534632 0.000000 -0.845085 0.476405 0.476405 0.476405
4841.676758 0.000000 2189.188477 0.000000 0.980106 0.000000 -0.198475 0.415962 0.415962 0.415962
4834.954102 0.000000 2206.712402 0.000000 0.352219 0.000000 0.935918 0.312939 0.312939 0.312939
4853.136230 0.000000 2178.511719 0.000000 0.988067 0.000000 0.154023 0.391352 0.391352 0.391352
4849.239258 0.000000 2232.408203 0.000000 0.673088 0.000000 0.739562 0.358021 0.358021 0.358021
4813.961914 0.000000 2180.730225 0.000000 0.715636 0.000000 0.698473 0.338224 0.338224 0.338224
4849.876465 0.000000 2199.018555 0.000000 0.999182 0.000000 0.040438 0.397859 0.397859 0.397859
4842.791992 0.000000 2220.422363 0.000000 0.862903 0.000000 0.505369 0.363229 0.363229 0.363229
4834.626465 0.000000 2198.484619 0.000000 0.708544 0.000000 0.705667 0.338982 0.338982 0.338982
4838.982422 0.000000 2203.529541 0.000000 0.409431 0.000000 -0.912341 0.486627 0.486627 0.486627
4827.590820 0.000000 2219.469971 0.000000 0.770240 0.000000 0.637755 0.362361 0.362361 0.362361
4823.864746 0.000000 2187.938721 0.000000 0.921161 0.000000 0.389181 0.368664 0.368664 0.368664
4843.010742 0.000000 2206.116699 0.000000 0.796080 0.000000 -0.605191 0.455174 0.455174 0.455174
4828.381836 0.000000 2185.572266 0.000000 0.978775 0.000000 -0.204937 0.409275 0.409275 0.409275
4859.140137 0.000000 2221.658691 0.000000 0.868268 0.000000 -0.496095 0.438619 0.438619 0.438619
4830.125488 0.000000 2189.290039 0.000000 0.936249 0.000000 -0.351338 0.430294 0.430294 0.430294
4832.209961 0.000000 2202.143311 0.000000 0.037003 0.000000 0.999315 0.290486 0.290486 0.290486
4822.536621 0.000000 2192.257324 0.000000 0.352695 0.000000 -0.935739 0.473125 0.473125 0.473125
4832.972168 0.000000 2185.279053 0.000000 0.152651 0.000000 0.988280 0.298078 0.298078 0.298078
4845.484375 0.000000 2216.355713 0.000000 0.351170 0.000000 0.936312 0.323751 0.323751 0.323751
4838.342285 0.000000 2219.652100 0.000000 0.966861 0.000000 0.255304 0.382211 0.382211 0.382211
4847.933105 0.000000 2206.044922 0.000000 0.714477 0.000000 -0.699659 0.446818 0.446818 0.446818
4838.376953 0.000000 2235.187256 0.000000 0.992070 0.000000 -0.125686 0.407110 0.407110 0.407110
4837.407715 0.000000 2186.605713 0.000000 0.908363 0.000000 -0.418182 0.430159 0.430159 0.430159
4820.619629 0.000000 2181.336182 0.000000 0.782084 0.000000 -0.623173 0.431914 0.431914 0.431914
4856.117188 0.000000 2225.316895 0.000000 0.922521 0.000000 -0.385946 0.424730 0.424730 0.424730
4847.116211 0.000000 2179.373779 0.000000 0.784568 0.000000 -0.620043 0.437401 0.437401 0.437401
4825.977051 0.000000 2185.079834 0.000000 0.114319 0.000000 0.993444 0.291661 0.291661 0.291661
4831.349609 0.000000 2194.731445 0.000000 0.157450 0.000000 0.987527 0.292784 0.292784 0.292784
4829.858887 0.000000 2226.386230 0.000000 0.639892 0.000000 -0.768465 0.444637 0.444637 0.444637
4851.316406 0.000000 2191.997559 0.000000 0.982134 0.000000 0.188184 0.390736 0.390736 0.390736
4832.718750 0.000000 2187.547852 0.000000 0.723014 0.000000 0.690833 0.342500 0.342500 0.342500
4845.002441 0.000000 2214.158447 0.000000 0.387190 0.000000 -0.922000 0.459751 0.459751 0.459751
4842.605957 0.000000 2180.378662 0.000000 0.239876 0.000000 0.970804 0.319733 0.319733 0.319733
4830.267578 0.000000 2201.026123 0.000000 0.703113 0.000000 -0.711078 0.458850 0.458850 0.458850
4832.903809 0.000000 2229.437500 0.000000 0.540546 0.000000 -0.841315 0.465890 0.465890 0.465890
4849.889648 0.000000 2201.650635 0.000000 0.985602 0.000000 0.169083 0.390923 0.390923 0.390923
4842.584473 0.000000 2229.084717 0.000000 0.008472 0.000000 0.999964 0.296249 0.296249 0.296249
4841.614258 0.000000 2207.856201 0.000000 0.879863 0.000000 -0.475228 0.433381 0.433381 0.433381
4861.291016 0.000000 2220.941406 0.000000 0.976535 0.000000 0.215358 0.386453 0.386453 0.386453
4849.602051 0.000000 2196.298340 0.000000 0.808786 0.000000 0.588103 0.361388 0.361388 0.361388
4821.226074 0.000000 2224.783203 0.000000 0.074646 0.000000 -0.997210 0.495617 0.495617 0.495617
4818.627930 0.000000 2186.752197 0.000000 0.096438 0.000000 0.995339 0.309461 0.309461 0.309461
4836.891113 0.000000 2176.109619 0.000000 0.966920 0.000000 -0.255080 0.416227 0.416227 0.416227
4853.526367 0.000000 2255.234131 0.000000 0.696496 0.000000 0.717560 0.389211 0.389211 0.389211
4857.791504 0.000000 2241.421387 0.000000 0.599676 0.000000 0.800243 0.372671 0.372671 0.372671
4852.018555 0.000000 2252.732666 0.000000 0.977011 0.000000 0.213189 0.391097 0.391097 0.391097
4855.238281 0.000000 2253.145020 0.000000 0.995121 0.000000 0.098663 0.395658 0.395658 0.395658
4853.136230 0.000000 2242.496094 0.000000 0.484815 0.000000 -0.874617 0.452627 0.452627 0.452627
4849.562500 0.000000 2247.382568 0.000000 0.636767 0.000000 0.771057 0.337131 0.337131 0.337131
4857.836914 0.000000 2243.750244 0.000000 0.512880 0.000000 0.858460 0.348458 0.348458 0.348458
4859.785156 0.000000 2248.043213 0.000000 0.489516 0.000000 -0.871994 0.479335 0.479335 0.479335
4847.116211 0.000000 2243.358154 0.000000 0.145631 0.000000 -0.989339 0.513103 0.513103 0.513103
4856.317871 0.000000 2251.093506 0.000000 0.738102 0.000000 -0.674689 0.444371 0.444371 0.444371
4853.232910 0.000000 2244.761963 0.000000 0.714227 0.000000 0.699914 0.353935 0.353935 0.353935
4856.940918 0.000000 2245.779297 0.000000 0.960366 0.000000 0.278743 0.380535 0.380535 0.380535
4859.749512 0.000000 2242.211914 0.000000 0.120072 0.000000 0.992765 0.300783 0.300783 0.300783
4924.628906 0.000000 2169.273438 0.000000 0.764392 0.000000 -0.644752 0.424840 0.424840 0.424840
4922.164063 0.000000 2164.405029 0.000000 0.961223 0.000000 -0.275774 0.417299 0.417299 0.417299
4943.839355 0.000000 2156.842529 0.000000 0.987024 0.000000 -0.160572 0.419648 0.419648 0.419648
4990.757324 0.000000 2167.554199 0.000000 0.850898 0.000000 0.525331 0.393648 0.393648 0.393648
4936.659180 0.000000 2166.311035 0.000000 0.487815 0.000000 0.872947 0.282898 0.282898 0.282898
4932.666992 0.000000 2153.158691 0.000000 0.499308 0.000000 0.866425 0.378022 0.378022 0.378022
4990.353027 0.000000 2174.139404 0.000000 0.969954 0.000000 -0.243288 0.424664 0.424664 0.424664
4975.278320 0.000000 2170.109619 0.000000 0.144423 0.000000 -0.989516 0.447701 0.447701 0.447701
4952.228027 0.000000 2145.155518 0.000000 0.731602 0.000000 -0.681732 0.426967 0.426967 0.426967
4938.544434 0.000000 2159.984375 0.000000 0.900573 0.000000 -0.434705 0.440867 0.440867 0.440867
4953.066406 0.000000 2164.175537 0.000000 0.940486 0.000000 -0.339833 0.431163 0.431163 0.431163
4929.032715 0.000000 2165.204102 0.000000 0.958790 0.000000 0.284115 0.374540 0.374540 0.374540
4934.938965 0.000000 2164.092773 0.000000 0.946251 0.000000 0.323433 0.371715 0.371715 0.371715
4952.924316 0.000000 2150.965576 0.000000 0.053599 0.000000 0.998563 0.273491 0.273491 0.273491
4988.621094 0.000000 2169.273438 0.000000 0.882603 0.000000 -0.470119 0.421016 0.421016 0.421016
4955.673340 0.000000 2166.504639 0.000000 0.939626 0.000000 -0.342202 0.418136 0.418136 0.418136
4929.348145 0.000000 2170.645020 0.000000 0.602168 0.000000 -0.798369 0.476173 0.476173 0.476173
4956.574707 0.000000 2157.787842 0.000000 0.997567 0.000000 0.069709 0.396691 0.396691 0.396691
4955.708008 0.000000 2146.200439 0.000000 0.713268 0.000000 -0.700891 0.441881 0.441881 0.441881
4983.388184 0.000000 2171.785400 0.000000 0.930987 0.000000 0.365053 0.367161 0.367161 0.367161
4938.281738 0.000000 2168.556396 0.000000 0.440348 0.000000 0.897827 0.314278 0.314278 0.314278
4977.223633 0.000000 2168.423828 0.000000 0.506020 0.000000 -0.862521 0.474793 0.474793 0.474793
4970.776367 0.000000 2156.437988 0.000000 0.974139 0.000000 0.225949 0.390668 0.390668 0.390668
4930.365234 0.000000 2162.721191 0.000000 0.912671 0.000000 -0.408695 0.425647 0.425647 0.425647
4955.575195 0.000000 2155.485596 0.000000 0.111185 0.000000 0.993800 0.324946 0.324946 0.324946
4937.654785 0.000000 2163.278564 0.000000 0.998045 0.000000 0.062505 0.395784 0.395784 0.395784
4987.196289 0.000000 2174.649902 0.000000 0.987251 0.000000 0.159170 0.386671 0.386671 0.386671
4948.582031 0.000000 2153.840576 0.000000 0.487072 0.000000 -0.873362 0.477423 0.477423 0.477423
4984.258789 0.000000 2166.344727 0.000000 0.684493 0.000000 0.729020 0.360843 0.360843 0.360843
4929.890137 0.000000 2156.951416 0.000000 0.653434 0.000000 -0.756983 0.441160 0.441160 0.441160
4991.030273 0.000000 2170.002930 0.000000 0.536980 0.000000 0.843595 0.335836 0.335836 0.335836
4966.326660 0.000000 2155.667725 0.000000 0.064047 0.000000 -0.997947 0.472222 0.472222 0.472222
4945.344238 0.000000 2166.433594 0.000000 0.818388 0.000000 -0.574666 0.436070 0.436070 0.436070
4943.835938 0.000000 2154.391602 0.000000 0.936077 0.000000 0.351795 0.373614 0.373614 0.373614
4980.109375 0.000000 2171.565918 0.000000 0.805689 0.000000 -0.592338 0.446532 0.446532 0.446532
4938.634766 0.000000 2171.034424 0.000000 0.653289 0.000000 -0.757109 0.458323 0.458323 0.458323
4950.786621 0.000000 2149.778809 0.000000 0.909631 0.000000 0.415417 0.368128 0.368128 0.368128
4953.894043 0.000000 2169.587402 0.000000 0.193618 0.000000 -0.981077 0.487939 0.487939 0.487939
4946.001465 0.000000 2170.880371 0.000000 0.006363 0.000000 -0.999980 0.520295 0.520295 0.520295
4958.883301 0.000000 2157.977783 0.000000 0.684645 0.000000 -0.728876 0.453826 0.453826 0.453826
4968.402344 0.000000 2164.797119 0.000000 0.976261 0.000000 -0.216599 0.411337 0.411337 0.411337
4935.977051 0.000000 2174.582764 0.000000 0.931989 0.000000 0.362485 0.373885 0.373885 0.373885
4938.370605 0.000000 2155.159180 0.000000 0.823912 0.000000 0.566718 0.360590 0.360590 0.360590
4970.568848 0.000000 2165.100342 0.000000 0.544591 0.000000 -0.838702 0.469546 0.469546 0.469546
4990.069336 0.000000 2171.963623 0.000000 0.937073 0.000000 0.349135 0.377206 0.377206 0.377206
5047.380371 0.000000 2107.801025 0.000000 0.848976 0.000000 -0.528431 0.431969 0.431969 0.431969
5057.139160 0.000000 2110.561279 0.000000 0.695123 0.000000 0.718891 0.350733 0.350733 0.350733
5022.106445 0.000000 2147.293213 0.000000 0.930438 0.000000 -0.366448 0.402248 0.402248 0.402248
5022.089355 0.000000 2160.151611 0.000000 0.989058 0.000000 0.147525 0.398965 0.398965 0.398965
4995.647949 0.000000 2158.845459 0.000000 0.596179 0.000000 0.802852 0.388365 0.388365 0.388365
5016.675781 0.000000 2129.436768 0.000000 0.992592 0.000000 -0.121497 0.401885 0.401885 0.401885
5021.486328 0.000000 2151.056885 0.000000 0.935949 0.000000 0.352135 0.391555 0.391555 0.391555
5003.173828 0.000000 2144.651855 0.000000 0.641126 0.000000 0.767436 0.381217 0.381217 0.381217
5023.594238 0.000000 2175.233643 0.000000 0.175764 0.000000 0.984432 0.353362 0.353362 0.353362
5010.863770 0.000000 2173.330078 0.000000 0.773408 0.000000 -0.633908 0.420227 0.420227 0.420227
5014.378418 0.000000 2131.521973 0.000000 0.378239 0.000000 -0.925708 0.442526 0.442526 0.442526
5023.982422 0.000000 2135.364990 0.000000 0.871771 0.000000 -0.489914 0.416617 0.416617 0.416617
5016.220215 0.000000 2145.155518 0.000000 0.340316 0.000000 -0.940311 0.510578 0.510578 0.510578
5015.775391 0.000000 2154.493652 0.000000 0.756958 0.000000 0.653464 0.335995 0.335995 0.335995
5010.624512 0.000000 2157.048828 0.000000 0.997978 0.000000 -0.063563 0.402414 0.402414 0.402414
5005.089844 0.000000 2174.348389 0.000000 0.131858 0.000000 -0.991269 0.515644 0.515644 0.515644
5016.916504 0.000000 2150.965576 0.000000 0.061507 0.000000 0.998107 0.277166 0.277166 0.277166
5019.737305 0.000000 2141.013184 0.000000 0.718975 0.000000 -0.695036 0.464079 0.464079 0.464079
5016.901367 0.000000 2141.953369 0.000000 0.840790 0.000000 -0.541361 0.448272 0.448272 0.448272
5018.341309 0.000000 2135.731201 0.000000 0.654121 0.000000 -0.756390 0.476237 0.476237 0.476237
5019.665527 0.000000 2166.504639 0.000000 0.139250 0.000000 0.990257 0.324971 0.324971 0.324971
4995.236328 0.000000 2167.366455 0.000000 0.968423 0.000000 0.249314 0.387796 0.387796 0.387796
5005.678711 0.000000 2158.526123 0.000000 0.338340 0.000000 0.941024 0.306368 0.306368 0.306368
5019.700195 0.000000 2146.200439 0.000000 0.475727 0.000000 0.879593 0.343640 0.343640 0.343640
5007.606445 0.000000 2171.113037 0.000000 0.989788 0.000000 0.142548 0.389930 0.389930 0.389930
5019.567383 0.000000 2155.485596 0.000000 0.263607 0.000000 -0.964630 0.467065 0.467065 0.467065
5013.435059 0.000000 2145.217285 0.000000 0.406951 0.000000 -0.913450 0.463830 0.463830 0.463830
5004.959473 0.000000 2150.435547 0.000000 0.407389 0.000000 -0.913255 0.493694 0.493694 0.493694
5009.580078 0.000000 2147.686035 0.000000 0.821299 0.000000 0.570498 0.353014 0.353014 0.353014
5001.646973 0.000000 2163.278564 0.000000 0.677297 0.000000 0.735709 0.329414 0.329414 0.329414
5008.651855 0.000000 2150.453613 0.000000 0.907459 0.000000 -0.420141 0.433558 0.433558 0.433558
5007.054688 0.000000 2163.185059 0.000000 0.695859 0.000000 0.718178 0.336794 0.336794 0.336794
5012.574219 0.000000 2153.840576 0.000000 0.540988 0.000000 -0.841030 0.458372 0.458372 0.458372
5009.336426 0.000000 2166.433594 0.000000 0.852833 0.000000 0.522184 0.373390 0.373390 0.373390
5049.813477 0.000000 2115.781494 0.000000 0.610725 0.000000 0.791843 0.352547 0.352547 0.352547
5000.982910 0.000000 2156.883545 0.000000 0.919590 0.000000 -0.392879 0.428627 0.428627 0.428627
5002.626953 0.000000 2171.034424 0.000000 0.397292 0.000000 -0.917692 0.485306 0.485306 0.485306
5009.014648 0.000000 2158.793701 0.000000 0.737599 0.000000 -0.675239 0.445896 0.445896 0.445896
5018.735840 0.000000 2172.381592 0.000000 0.938885 0.000000 0.344232 0.377189 0.377189 0.377189
5017.886230 0.000000 2169.587402 0.000000 0.985602 0.000000 0.169080 0.386851 0.386851 0.386851
5012.580078 0.000000 2140.885498 0.000000 0.974526 0.000000 -0.224273 0.415699 0.415699 0.415699
5002.962402 0.000000 2166.414063 0.000000 0.940180 0.000000 0.340678 0.378129 0.378129 0.378129
5003.416504 0.000000 2162.050781 0.000000 0.412265 0.000000 0.911064 0.332488 0.332488 0.332488
5013.202637 0.000000 2160.798828 0.000000 0.862195 0.000000 0.506576 0.369232 0.369232 0.369232
5006.595215 0.000000 2169.166992 0.000000 0.925281 0.000000 -0.379283 0.427388 0.427388 0.427388
5008.696289 0.000000 2139.954102 0.000000 0.760075 0.000000 0.649836 0.357263 0.357263 0.357263
5072.449219 0.000000 2128.901855 0.000000 0.998356 0.000000 -0.057320 0.407159 0.407159 0.407159
5063.943848 0.000000 2161.352539 0.000000 0.945765 0.000000 -0.324853 0.401487 0.401487 0.401487
5075.007813 0.000000 2149.703613 0.000000 0.907893 0.000000 -0.419202 0.402592 0.402592 0.402592
5075.258789 0.000000 2132.963135 0.000000 0.899578 0.000000 -0.436760 0.449651 0.449651 0.449651
5091.671875 0.000000 2128.034424 0.000000 0.270124 0.000000 0.962825 0.379920 0.379920 0.379920
5075.746582 0.000000 2115.114990 0.000000 0.381315 0.000000 0.924445 0.369962 0.369962 0.369962
5058.728027 0.000000 2124.547119 0.000000 0.998640 0.000000 -0.052130 0.401224 0.401224 0.401224
5089.391113 0.000000 2140.651367 0.000000 0.970377 0.000000 -0.241597 0.407676 0.407676 0.407676
5079.901855 0.000000 2136.798340 0.000000 0.682933 0.000000 -0.730481 0.425355 0.425355 0.425355
5086.901855 0.000000 2164.448975 0.000000 0.079337 0.000000 -0.996848 0.536272 0.536272 0.536272
5080.212402 0.000000 2145.155518 0.000000 0.671623 0.000000 -0.740893 0.475409 0.475409 0.475409
5081.050781 0.000000 2164.175537 0.000000 0.652864 0.000000 0.757475 0.321899 0.321899 0.321899
5083.676758 0.000000 2148.815674 0.000000 0.978886 0.000000 -0.204406 0.409148 0.409148 0.409148
5089.430176 0.000000 2146.502930 0.000000 0.929962 0.000000 -0.367657 0.434401 0.434401 0.434401
5079.767578 0.000000 2154.493652 0.000000 0.997242 0.000000 -0.074215 0.402374 0.402374 0.402374
5095.858887 0.000000 2134.165771 0.000000 0.033387 0.000000 0.999443 0.257987 0.257987 0.257987
5110.908203 0.000000 2143.889893 0.000000 0.913880 0.000000 0.405985 0.362009 0.362009 0.362009
5119.002441 0.000000 2155.194092 0.000000 0.439023 0.000000 -0.898476 0.437901 0.437901 0.437901
5098.289551 0.000000 2136.101318 0.000000 0.969794 0.000000 -0.243924 0.410089 0.410089 0.410089
5066.779297 0.000000 2130.279785 0.000000 0.987819 0.000000 -0.155604 0.414588 0.414588 0.414588
5096.560059 0.000000 2131.426514 0.000000 0.143870 0.000000 -0.989597 0.518942 0.518942 0.518942
5075.507324 0.000000 2167.950195 0.000000 0.943349 0.000000 0.331802 0.370447 0.370447 0.370447
5083.729492 0.000000 2141.013184 0.000000 0.963894 0.000000 -0.266287 0.412247 0.412247 0.412247
5092.820801 0.000000 2166.262939 0.000000 0.999937 0.000000 0.011194 0.399447 0.399447 0.399447
5068.562012 0.000000 2138.550293 0.000000 0.993745 0.000000 0.111672 0.394748 0.394748 0.394748
5091.844727 0.000000 2151.230713 0.000000 0.207247 0.000000 0.978289 0.288467 0.288467 0.288467
5097.977051 0.000000 2122.143311 0.000000 0.535574 0.000000 -0.844489 0.449709 0.449709 0.449709
5074.581055 0.000000 2127.237549 0.000000 0.100891 0.000000 -0.994897 0.518150 0.518150 0.518150
5091.360840 0.000000 2170.681396 0.000000 0.844023 0.000000 0.536307 0.374845 0.374845 0.374845
5114.246582 0.000000 2131.828613 0.000000 0.988814 0.000000 -0.149152 0.406578 0.406578 0.406578
5111.207031 0.000000 2125.176270 0.000000 0.695093 0.000000 -0.718920 0.461688 0.461688 0.461688
5066.266113 0.000000 2168.556396 0.000000 0.036298 0.000000 0.999341 0.315720 0.315720 0.315720
5071.598633 0.000000 2171.113037 0.000000 0.381321 0.000000 0.924443 0.302820 0.302820 0.302820
5105.845215 0.000000 2135.034180 0.000000 0.991836 0.000000 -0.127518 0.409704 0.409704 0.409704
5098.760742 0.000000 2156.437988 0.000000 0.895216 0.000000 -0.445632 0.439436 0.439436 0.439436
5094.179688 0.000000 2142.559326 0.000000 0.588039 0.000000 0.808832 0.329435 0.329435 0.329435
5108.626465 0.000000 2155.337646 0.000000 0.718438 0.000000 -0.695591 0.439561 0.439561 0.439561
5083.559570 0.000000 2155.485596 0.000000 0.500736 0.000000 0.865600 0.310138 0.310138 0.310138
5077.427246 0.000000 2145.217285 0.000000 0.147971 0.000000 -0.988992 0.494451 0.494451 0.494451
5092.773926 0.000000 2138.023193 0.000000 0.806694 0.000000 -0.590969 0.448932 0.448932 0.448932
5110.526855 0.000000 2157.512207 0.000000 0.184643 0.000000 0.982806 0.290729 0.290729 0.290729
5073.231934 0.000000 2143.520508 0.000000 0.911149 0.000000 -0.412077 0.420783 0.420783 0.420783
5071.046875 0.000000 2163.185059 0.000000 0.987345 0.000000 0.158590 0.391650 0.391650 0.391650
5106.479492 0.000000 2142.023926 0.000000 0.933909 0.000000 0.357511 0.381380 0.381380 0.381380
5112.595215 0.000000 2136.749268 0.000000 0.550296 0.000000 0.834969 0.350171 0.350171 0.350171
5075.880859 0.000000 2143.194336 0.000000 0.793190 0.000000 -0.608974 0.446097 0.446097 0.446097
5059.916016 0.000000 2115.267578 0.000000 0.992894 0.000000 -0.119001 0.406790 0.406790 0.406790
5092.136719 0.000000 2162.876221 0.000000 0.935633 0.000000 -0.352974 0.420714 0.420714 0.420714
5084.898438 0.000000 2153.406982 0.000000 0.057299 0.000000 0.998357 0.292692 0.292692 0.292692
5099.029297 0.000000 2154.082520 0.000000 0.227653 0.000000 -0.973742 0.493080 0.493080 0.493080
5066.619141 0.000000 2171.034424 0.000000 0.978354 0.000000 -0.206940 0.411345 0.411345 0.411345
5112.085938 0.000000 2161.332520 0.000000 0.929887 0.000000 -0.367845 0.426144 0.426144 0.426144
5100.023926 0.000000 2139.892822 0.000000 0.979306 0.000000 0.202386 0.384838 0.384838 0.384838
5109.371094 0.000000 2148.489014 0.000000 0.397866 0.000000 0.917443 0.341420 0.341420 0.341420
5107.285156 0.000000 2128.013184 0.000000 0.317417 0.000000 -0.948286 0.497193 0.497193 0.497193
5100.971191 0.000000 2150.174072 0.000000 0.086205 0.000000 -0.996277 0.508218 0.508218 0.508218
5066.954590 0.000000 2166.414063 0.000000 0.585023 0.000000 0.811016 0.351354 0.351354 0.351354
5102.645508 0.000000 2161.947266 0.000000 0.341460 0.000000 -0.939896 0.481783 0.481783 0.481783
5103.191406 0.000000 2157.459717 0.000000 0.795025 0.000000 0.606577 0.350210 0.350210 0.350210
5111.361816 0.000000 2129.900391 0.000000 0.999543 0.000000 0.030232 0.397735 0.397735 0.397735
5117.259766 0.000000 2156.957031 0.000000 0.464147 0.000000 0.885758 0.326110 0.326110 0.326110
5116.181152 0.000000 2153.160889 0.000000 0.577490 0.000000 -0.816398 0.455799 0.455799 0.455799
5057.948242 0.000000 2114.403320 0.000000 0.011416 0.000000 -0.999935 0.509006 0.509006 0.509006
5098.827637 0.000000 2146.661133 0.000000 0.999808 0.000000 -0.019578 0.401134 0.401134 0.401134
5077.194824 0.000000 2160.798828 0.000000 0.228124 0.000000 -0.973632 0.479658 0.479658 0.479658
5091.049805 0.000000 2165.197754 0.000000 0.288584 0.000000 -0.957455 0.484873 0.484873 0.484873
5105.006836 0.000000 2149.022949 0.000000 0.860538 0.000000 -0.509386 0.434960 0.434960 0.434960
4911.648926 0.000000 2223.667725 0.000000 0.709840 0.000000 -0.704363 0.489751 0.489751 0.489751
4911.580078 0.000000 2214.917480 0.000000 0.963350 0.000000 -0.268249 0.405153 0.405153 0.405153
4882.355469 0.000000 2205.311523 0.000000 0.345197 0.000000 -0.938530 0.427375 0.427375 0.427375
4885.889648 0.000000 2238.176270 0.000000 0.962775 0.000000 -0.270306 0.429930 0.429930 0.429930
4912.834961 0.000000 2219.974365 0.000000 0.951438 0.000000 -0.307840 0.406094 0.406094 0.406094
4902.636230 0.000000 2224.166748 0.000000 0.929989 0.000000 -0.367588 0.439845 0.439845 0.439845
4902.280273 0.000000 2184.329102 0.000000 0.131941 0.000000 0.991258 0.356187 0.356187 0.356187
4924.297852 0.000000 2223.792480 0.000000 0.955616 0.000000 -0.294616 0.410452 0.410452 0.410452
4901.026367 0.000000 2199.067139 0.000000 0.942296 0.000000 0.334782 0.386023 0.386023 0.386023
4918.165039 0.000000 2223.993652 0.000000 0.957668 0.000000 0.287874 0.388482 0.388482 0.388482
4889.209961 0.000000 2190.002441 0.000000 0.998911 0.000000 0.046655 0.398392 0.398392 0.398392
4893.550293 0.000000 2180.122803 0.000000 0.829440 0.000000 -0.558596 0.419532 0.419532 0.419532
4887.791016 0.000000 2218.478027 0.000000 0.250951 0.000000 -0.968000 0.511802 0.511802 0.511802
4869.932129 0.000000 2231.348877 0.000000 0.232539 0.000000 0.972587 0.337290 0.337290 0.337290
4891.136719 0.000000 2196.887939 0.000000 0.065692 0.000000 -0.997840 0.523244 0.523244 0.523244
4870.946777 0.000000 2228.077148 0.000000 0.082779 0.000000 -0.996568 0.527785 0.527785 0.527785
4888.932129 0.000000 2214.949951 0.000000 0.930067 0.000000 0.367389 0.381967 0.381967 0.381967
4924.284668 0.000000 2228.930908 0.000000 0.444328 0.000000 0.895864 0.309630 0.309630 0.309630
4865.355957 0.000000 2234.629395 0.000000 0.101044 0.000000 0.994882 0.338363 0.338363 0.338363
4877.694336 0.000000 2222.510498 0.000000 0.256273 0.000000 0.966604 0.295214 0.295214 0.295214
4899.558105 0.000000 2194.826416 0.000000 0.615301 0.000000 0.788292 0.359195 0.359195 0.359195
4906.717285 0.000000 2235.956299 0.000000 0.609778 0.000000 0.792572 0.331012 0.331012 0.331012
4896.956543 0.000000 2225.049072 0.000000 0.817896 0.000000 0.575366 0.365717 0.365717 0.365717
4919.395996 0.000000 2235.769775 0.000000 0.201428 0.000000 0.979503 0.336477 0.336477 0.336477
4874.289551 0.000000 2232.540771 0.000000 0.960291 0.000000 -0.279002 0.422024 0.422024 0.422024
4913.231445 0.000000 2232.408203 0.000000 0.340067 0.000000 -0.940401 0.486159 0.486159 0.486159
4902.203125 0.000000 2206.543701 0.000000 0.447841 0.000000 -0.894113 0.485079 0.485079 0.485079
4902.974609 0.000000 2203.529541 0.000000 0.848953 0.000000 -0.528468 0.427523 0.427523 0.427523
4885.450684 0.000000 2209.201660 0.000000 0.162854 0.000000 0.986650 0.300226 0.300226 0.300226
4900.797363 0.000000 2202.007568 0.000000 0.004264 0.000000 0.999991 0.285019 0.285019 0.285019
4873.662598 0.000000 2227.262939 0.000000 0.988556 0.000000 0.150852 0.388054 0.388054 0.388054
4880.667480 0.000000 2214.437988 0.000000 0.321404 0.000000 0.946942 0.333560 0.333560 0.333560
4892.374023 0.000000 2185.572266 0.000000 0.999887 0.000000 0.015019 0.399130 0.399130 0.399130
4896.202148 0.000000 2202.143311 0.000000 0.776416 0.000000 0.630221 0.347911 0.347911 0.347911
4884.589844 0.000000 2217.824951 0.000000 0.317828 0.000000 0.948148 0.300349 0.300349 0.300349
4920.266602 0.000000 2230.329102 0.000000 0.261218 0.000000 -0.965280 0.501767 0.501767 0.501767
4909.476563 0.000000 2216.355713 0.000000 0.755417 0.000000 -0.655245 0.443525 0.443525 0.443525
4905.330566 0.000000 2239.399902 0.000000 0.935339 0.000000 -0.353753 0.421304 0.421304 0.421304
4891.582031 0.000000 2193.047363 0.000000 0.924185 0.000000 0.381944 0.374757 0.374757 0.374757
4879.843750 0.000000 2218.375977 0.000000 0.970423 0.000000 0.241412 0.384052 0.384052 0.384052
4901.399902 0.000000 2186.605713 0.000000 0.019865 0.000000 0.999803 0.314042 0.314042 0.314042
4874.642578 0.000000 2235.018799 0.000000 0.142684 0.000000 0.989768 0.289512 0.289512 0.289512
4920.109375 0.000000 2225.316895 0.000000 0.851560 0.000000 0.524258 0.364180 0.364180 0.364180
4886.794434 0.000000 2213.763184 0.000000 0.248419 0.000000 -0.968653 0.501480 0.501480 0.501480
4884.595703 0.000000 2204.869873 0.000000 0.709504 0.000000 0.704701 0.360954 0.360954 0.360954
4926.513184 0.000000 2229.299561 0.000000 0.894900 0.000000 -0.446266 0.431413 0.431413 0.431413
4894.259766 0.000000 2201.026123 0.000000 0.894902 0.000000 0.446262 0.367895 0.367895 0.367895
4926.492676 0.000000 2224.475098 0.000000 0.721737 0.000000 -0.692168 0.438935 0.438935 0.438935
4889.125977 0.000000 2195.707764 0.000000 0.997943 0.000000 0.064102 0.396605 0.396605 0.396605
4911.100098 0.000000 2228.699951 0.000000 0.999256 0.000000 -0.038576 0.402582 0.402582 0.402582
4887.494141 0.000000 2229.763428 0.000000 0.377634 0.000000 -0.925955 0.485689 0.485689 0.485689
4905.606445 0.000000 2207.856201 0.000000 0.997349 0.000000 0.072766 0.396073 0.396073 0.396073
4900.913086 0.000000 2210.964355 0.000000 0.309101 0.000000 -0.951029 0.482818 0.482818 0.482818
4906.359375 0.000000 2232.837646 0.000000 0.993291 0.000000 0.115639 0.392593 0.392593 0.392593
4901.478027 0.000000 2213.631592 0.000000 0.305693 0.000000 -0.952130 0.472987 0.472987 0.472987
4915.211426 0.000000 2237.501953 0.000000 0.877750 0.000000 0.479119 0.369064 0.369064 0.369064
4900.144531 0.000000 2184.819336 0.000000 0.809934 0.000000 -0.586520 0.437241 0.437241 0.437241
4921.803223 0.000000 2235.970215 0.000000 0.956820 0.000000 0.290680 0.381445 0.381445 0.381445
4889.722656 0.000000 2210.445313 0.000000 0.912117 0.000000 0.409929 0.373216 0.373216 0.373216
4988.668457 0.000000 2211.620605 0.000000 0.636492 0.000000 -0.771283 0.405278 0.405278 0.405278
4975.641113 0.000000 2223.667725 0.000000 0.989002 0.000000 -0.147904 0.416752 0.416752 0.416752
4965.884766 0.000000 2196.142334 0.000000 0.493594 0.000000 0.869692 0.383677 0.383677 0.383677
4983.175781 0.000000 2210.760010 0.000000 0.787483 0.000000 -0.616336 0.411274 0.411274 0.411274
4927.605957 0.000000 2221.904053 0.000000 0.173869 0.000000 -0.984769 0.436247 0.436247 0.436247
4990.057617 0.000000 2199.784424 0.000000 0.418655 0.000000 0.908145 0.369863 0.369863 0.369863
4954.727051 0.000000 2187.361328 0.000000 0.907030 0.000000 0.421066 0.388498 0.388498 0.388498
4954.344238 0.000000 2224.969971 0.000000 0.089282 0.000000 -0.996006 0.448079 0.448079 0.448079
4961.406738 0.000000 2204.635742 0.000000 0.084321 0.000000 -0.996439 0.448983 0.448983 0.448983
4979.338867 0.000000 2175.905518 0.000000 0.847799 0.000000 0.530318 0.345575 0.345575 0.345575
4959.974121 0.000000 2177.274170 0.000000 0.714085 0.000000 -0.700059 0.424007 0.424007 0.424007
4982.157227 0.000000 2223.993652 0.000000 0.967465 0.000000 0.253004 0.375095 0.375095 0.375095
4986.838867 0.000000 2214.089355 0.000000 0.649894 0.000000 -0.760025 0.431469 0.431469 0.431469
4966.828613 0.000000 2212.025635 0.000000 0.986612 0.000000 0.163082 0.385032 0.385032 0.385032
4957.542480 0.000000 2180.122803 0.000000 0.737605 0.000000 -0.675232 0.466623 0.466623 0.466623
4957.791016 0.000000 2206.789307 0.000000 0.843925 0.000000 0.536461 0.381340 0.381340 0.381340
4972.534180 0.000000 2185.330322 0.000000 0.999955 0.000000 0.009450 0.399618 0.399618 0.399618
4951.783203 0.000000 2218.478027 0.000000 0.649034 0.000000 0.760759 0.370648 0.370648 0.370648
4958.899902 0.000000 2184.060791 0.000000 0.217462 0.000000 0.976069 0.285274 0.285274 0.285274
4977.004395 0.000000 2191.766357 0.000000 0.896210 0.000000 -0.443631 0.438557 0.438557 0.438557
4973.244629 0.000000 2196.027344 0.000000 0.724356 0.000000 -0.689426 0.435324 0.435324 0.435324
4991.018066 0.000000 2219.178467 0.000000 0.809741 0.000000 0.586788 0.374012 0.374012 0.374012
4952.993652 0.000000 2182.782715 0.000000 0.257810 0.000000 -0.966196 0.463449 0.463449 0.463449
4934.938965 0.000000 2228.077148 0.000000 0.537716 0.000000 0.843126 0.308346 0.308346 0.308346
4952.924316 0.000000 2214.949951 0.000000 0.560255 0.000000 -0.828320 0.448250 0.448250 0.448250
4991.377930 0.000000 2197.338135 0.000000 0.264978 0.000000 0.964254 0.353171 0.353171 0.353171
4974.487305 0.000000 2190.103516 0.000000 0.019536 0.000000 -0.999809 0.540970 0.540970 0.540970
4988.276855 0.000000 2228.930908 0.000000 0.935661 0.000000 0.352900 0.382172 0.382172 0.382172
4964.836426 0.000000 2230.247314 0.000000 0.886493 0.000000 0.462742 0.361806 0.361806 0.361806
4969.992676 0.000000 2186.127686 0.000000 0.629737 0.000000 0.776808 0.359580 0.359580 0.359580
4981.988770 0.000000 2217.228760 0.000000 0.215098 0.000000 0.976592 0.290477 0.290477 0.290477
4962.215820 0.000000 2189.466064 0.000000 0.552746 0.000000 0.833350 0.316379 0.316379 0.316379
4970.709473 0.000000 2235.956299 0.000000 0.543570 0.000000 -0.839364 0.479579 0.479579 0.479579
4953.210449 0.000000 2238.568848 0.000000 0.134428 0.000000 0.990923 0.342641 0.342641 0.342641
4955.708008 0.000000 2210.184814 0.000000 0.997566 0.000000 0.069732 0.396690 0.396690 0.396690
4963.376465 0.000000 2234.665771 0.000000 0.286575 0.000000 0.958058 0.305400 0.305400 0.305400
4962.938477 0.000000 2206.712402 0.000000 0.942525 0.000000 0.334136 0.382989 0.382989 0.382989
4983.388184 0.000000 2235.769775 0.000000 0.230514 0.000000 -0.973069 0.477508 0.477508 0.477508
4938.281738 0.000000 2232.540771 0.000000 0.896943 0.000000 -0.442146 0.433844 0.433844 0.433844
4943.614258 0.000000 2235.097412 0.000000 0.998664 0.000000 -0.051665 0.402865 0.402865 0.402865
4978.171387 0.000000 2214.668945 0.000000 0.872916 0.000000 -0.487871 0.437407 0.437407 0.437407
4973.002930 0.000000 2182.889404 0.000000 0.769386 0.000000 -0.638784 0.441172 0.441172 0.441172
4930.365234 0.000000 2226.705566 0.000000 0.940100 0.000000 -0.340899 0.426923 0.426923 0.426923
4966.195313 0.000000 2206.543701 0.000000 0.116515 0.000000 -0.993189 0.473326 0.473326 0.473326
4955.575195 0.000000 2219.469971 0.000000 0.130728 0.000000 0.991418 0.311581 0.311581 0.311581
4937.654785 0.000000 2227.262939 0.000000 0.889648 0.000000 0.456648 0.363535 0.363535 0.363535
4987.196289 0.000000 2238.634277 0.000000 0.679215 0.000000 0.733940 0.332517 0.332517 0.332517
4956.366211 0.000000 2185.572266 0.000000 0.936617 0.000000 0.350356 0.376587 0.376587 0.376587
4987.124512 0.000000 2221.658691 0.000000 0.996742 0.000000 0.080657 0.394235 0.394235 0.394235
4954.794922 0.000000 2175.589600 0.000000 0.315110 0.000000 0.949055 0.337575 0.337575 0.337575
4973.298340 0.000000 2235.975586 0.000000 0.921566 0.000000 -0.388222 0.427671 0.427671 0.427671
4958.109863 0.000000 2189.290039 0.000000 0.691329 0.000000 0.722540 0.363311 0.363311 0.363311
4984.258789 0.000000 2230.329102 0.000000 0.893376 0.000000 -0.449309 0.430015 0.430015 0.430015
4991.030273 0.000000 2233.987305 0.000000 0.661540 0.000000 0.749910 0.360203 0.360203 0.360203
4956.914063 0.000000 2217.391357 0.000000 0.082774 0.000000 0.996568 0.282616 0.282616 0.282616
4967.371582 0.000000 2189.954834 0.000000 0.812536 0.000000 -0.582911 0.444744 0.444744 0.444744
4988.012207 0.000000 2187.912842 0.000000 0.664006 0.000000 0.747727 0.344331 0.344331 0.344331
4977.546875 0.000000 2183.398193 0.000000 0.984657 0.000000 0.174501 0.390366 0.390366 0.390366
4969.322754 0.000000 2239.399902 0.000000 0.202479 0.000000 0.979287 0.292846 0.292846 0.292846
4945.805664 0.000000 2177.630615 0.000000 0.507600 0.000000 -0.861593 0.452885 0.452885 0.452885
4965.392090 0.000000 2186.605713 0.000000 0.879989 0.000000 -0.474995 0.435588 0.435588 0.435588
4958.396973 0.000000 2209.018311 0.000000 0.903086 0.000000 -0.429460 0.423494 0.423494 0.423494
4958.883301 0.000000 2221.962158 0.000000 0.965745 0.000000 0.259493 0.381257 0.381257 0.381257
4979.300781 0.000000 2191.997559 0.000000 0.081209 0.000000 -0.996697 0.493709 0.493709 0.493709
4938.970215 0.000000 2230.398438 0.000000 0.686644 0.000000 0.726994 0.345948 0.345948 0.345948
4960.888184 0.000000 2229.437500 0.000000 0.892857 0.000000 0.450340 0.372476 0.372476 0.372476
4966.931152 0.000000 2208.770264 0.000000 0.977647 0.000000 0.210254 0.386250 0.386250 0.386250
4989.275391 0.000000 2220.941406 0.000000 0.751866 0.000000 0.659316 0.357943 0.357943 0.357943
4981.217285 0.000000 2180.777588 0.000000 0.672145 0.000000 -0.740420 0.446622 0.446622 0.446622
4955.163574 0.000000 2214.930908 0.000000 0.990660 0.000000 -0.136354 0.408674 0.408674 0.408674
4939.424316 0.000000 2226.035156 0.000000 0.597239 0.000000 -0.802063 0.460415 0.460415 0.460415
4986.156250 0.000000 2228.389404 0.000000 0.973999 0.000000 -0.226554 0.413693 0.413693 0.413693
4970.843262 0.000000 2210.645508 0.000000 0.866258 0.000000 0.499596 0.366827 0.366827 0.366827
4984.925293 0.000000 2181.794922 0.000000 0.148099 0.000000 -0.988973 0.495863 0.495863 0.495863
4933.699219 0.000000 2223.848145 0.000000 0.999993 0.000000 -0.003835 0.400216 0.400216 0.400216
4954.928711 0.000000 2177.945801 0.000000 0.774114 0.000000 -0.633046 0.446548 0.446548 0.446548
4962.317383 0.000000 2208.639648 0.000000 0.119141 0.000000 -0.992877 0.493484 0.493484 0.493484
4974.706543 0.000000 2213.080811 0.000000 0.882696 0.000000 -0.469945 0.430535 0.430535 0.430535
4884.980469 0.000000 2239.807129 0.000000 0.457535 0.000000 -0.889192 0.519800 0.519800 0.519800
4901.892578 0.000000 2260.126709 0.000000 0.406729 0.000000 0.913549 0.269437 0.269437 0.269437
4917.395020 0.000000 2301.519287 0.000000 0.948014 0.000000 -0.318227 0.405660 0.405660 0.405660
4863.526855 0.000000 2251.940674 0.000000 0.499005 0.000000 -0.866599 0.427219 0.427219 0.427219
4869.293945 0.000000 2247.348389 0.000000 0.803195 0.000000 -0.595716 0.416888 0.416888 0.416888
4877.813477 0.000000 2241.021240 0.000000 0.539542 0.000000 -0.841959 0.429486 0.429486 0.429486
4918.636719 0.000000 2263.234375 0.000000 0.412345 0.000000 -0.911028 0.436042 0.436042 0.436042
4905.983398 0.000000 2266.889404 0.000000 0.609602 0.000000 0.792708 0.366183 0.366183 0.366183
4905.823730 0.000000 2276.787109 0.000000 0.408906 0.000000 -0.912577 0.509630 0.509630 0.509630
4873.067871 0.000000 2243.433594 0.000000 0.375170 0.000000 -0.926956 0.446791 0.446791 0.446791
4916.010742 0.000000 2252.732666 0.000000 0.025364 0.000000 -0.999678 0.539668 0.539668 0.539668
4897.453613 0.000000 2274.471680 0.000000 0.638418 0.000000 0.769690 0.362283 0.362283 0.362283
4910.876465 0.000000 2251.228027 0.000000 0.841506 0.000000 -0.540247 0.449870 0.449870 0.449870
4903.882324 0.000000 2262.134521 0.000000 0.544854 0.000000 0.838531 0.305645 0.305645 0.305645
4918.931641 0.000000 2271.858643 0.000000 0.192063 0.000000 -0.981383 0.460528 0.460528 0.460528
4911.793945 0.000000 2258.770752 0.000000 0.013938 0.000000 0.999903 0.270959 0.270959 0.270959
4915.606934 0.000000 2267.150391 0.000000 0.462644 0.000000 0.886544 0.305861 0.305861 0.305861
4910.503418 0.000000 2267.275635 0.000000 0.394388 0.000000 -0.918944 0.464590 0.464590 0.464590
4922.270020 0.000000 2259.797363 0.000000 0.365967 0.000000 0.930628 0.310415 0.310415 0.310415
4898.946289 0.000000 2270.696777 0.000000 0.167209 0.000000 0.985922 0.286530 0.286530 0.286530
4919.230469 0.000000 2253.145020 0.000000 0.998335 0.000000 -0.057679 0.404495 0.404495 0.404495
4917.128418 0.000000 2242.496094 0.000000 0.217319 0.000000 -0.976101 0.467493 0.467493 0.467493
4913.868652 0.000000 2263.002930 0.000000 0.991061 0.000000 0.133412 0.388842 0.388842 0.388842
4906.784180 0.000000 2284.406738 0.000000 0.352711 0.000000 -0.935732 0.460433 0.460433 0.460433
4898.618652 0.000000 2262.468994 0.000000 0.303613 0.000000 -0.952795 0.493282 0.493282 0.493282
4902.203125 0.000000 2270.528076 0.000000 0.992023 0.000000 -0.126059 0.407573 0.407573 0.407573
4916.649902 0.000000 2283.306396 0.000000 0.654090 0.000000 0.756417 0.336609 0.336609 0.336609
4918.550293 0.000000 2285.480957 0.000000 0.986788 0.000000 0.162014 0.386918 0.386918 0.386918
4914.502930 0.000000 2269.992676 0.000000 0.076897 0.000000 0.997039 0.285134 0.285134 0.285134
4920.618652 0.000000 2264.718018 0.000000 0.618780 0.000000 0.785565 0.353077 0.353077 0.353077
4896.202148 0.000000 2266.127686 0.000000 0.167551 0.000000 -0.985863 0.470026 0.470026 0.470026
4926.287109 0.000000 2258.045654 0.000000 0.309214 0.000000 -0.950992 0.488456 0.488456 0.488456
4903.379395 0.000000 2253.939209 0.000000 0.436286 0.000000 -0.899808 0.474892 0.474892 0.474892
4911.925293 0.000000 2270.029297 0.000000 0.171112 0.000000 -0.985252 0.494291 0.494291 0.494291
4905.051270 0.000000 2280.517334 0.000000 0.416079 0.000000 -0.909328 0.460995 0.460995 0.460995
4907.052734 0.000000 2282.051270 0.000000 0.229688 0.000000 0.973264 0.317094 0.317094 0.317094
4922.795898 0.000000 2255.191650 0.000000 0.970180 0.000000 -0.242384 0.416625 0.416625 0.416625
4923.933594 0.000000 2258.094727 0.000000 0.638967 0.000000 -0.769234 0.465732 0.465732 0.465732
4921.829102 0.000000 2243.750244 0.000000 0.747987 0.000000 0.663713 0.359775 0.359775 0.359775
4911.108398 0.000000 2243.358154 0.000000 0.029429 0.000000 -0.999567 0.520060 0.520060 0.520060
4889.969238 0.000000 2249.064209 0.000000 0.973398 0.000000 0.229120 0.385225 0.385225 0.385225
4917.394531 0.000000 2276.457764 0.000000 0.365484 0.000000 0.930818 0.341445 0.341445 0.341445
4863.478027 0.000000 2248.702148 0.000000 0.867157 0.000000 -0.498035 0.426291 0.426291 0.426291
4914.064941 0.000000 2274.275879 0.000000 0.964873 0.000000 -0.262718 0.415796 0.415796 0.415796
4917.739258 0.000000 2248.475342 0.000000 0.971814 0.000000 0.235750 0.387523 0.387523 0.387523
4911.100098 0.000000 2292.684326 0.000000 0.818967 0.000000 -0.573840 0.440893 0.440893 0.440893
4902.938965 0.000000 2272.754639 0.000000 0.284163 0.000000 -0.958776 0.487101 0.487101 0.487101
4906.851074 0.000000 2274.629883 0.000000 0.470633 0.000000 -0.882329 0.466377 0.466377 0.466377
4901.478027 0.000000 2277.615967 0.000000 0.997730 0.000000 -0.067335 0.404340 0.404340 0.404340
4921.085449 0.000000 2284.982666 0.000000 0.890772 0.000000 -0.454450 0.427088 0.427088 0.427088
4923.741699 0.000000 2242.211914 0.000000 0.973176 0.000000 -0.230060 0.415068 0.415068 0.415068
4912.633789 0.000000 2242.059082 0.000000 0.671870 0.000000 0.740669 0.348359 0.348359 0.348359
4962.920898 0.000000 2250.597900 0.000000 0.995863 0.000000 -0.090872 0.400500 0.400500 0.400500
4942.137695 0.000000 2250.618164 0.000000 0.982798 0.000000 -0.184685 0.402040 0.402040 0.402040
4933.386230 0.000000 2250.625244 0.000000 0.848430 0.000000 -0.529308 0.410026 0.410026 0.410026
4966.272461 0.000000 2248.313477 0.000000 0.934138 0.000000 0.356913 0.391982 0.391982 0.391982
4962.596680 0.000000 2247.339355 0.000000 0.086866 0.000000 0.996220 0.349620 0.349620 0.349620
4939.884277 0.000000 2248.320557 0.000000 0.107777 0.000000 0.994175 0.351794 0.351794 0.351794
4989.277344 0.000000 2243.610107 0.000000 0.528301 0.000000 -0.849057 0.499254 0.499254 0.499254
4946.138672 0.000000 2245.496094 0.000000 0.988653 0.000000 -0.150219 0.414155 0.414155 0.414155
4980.002930 0.000000 2252.732666 0.000000 0.982865 0.000000 -0.184327 0.408146 0.408146 0.408146
4982.923828 0.000000 2271.858643 0.000000 0.996060 0.000000 -0.088681 0.407670 0.407670 0.407670
4986.020020 0.000000 2274.646729 0.000000 0.999810 0.000000 -0.019478 0.401595 0.401595 0.401595
4985.814453 0.000000 2281.339111 0.000000 0.598770 0.000000 -0.800921 0.445450 0.445450 0.445450
4966.828613 0.000000 2239.507080 0.000000 0.864466 0.000000 0.502692 0.352136 0.352136 0.352136
4979.599121 0.000000 2267.150391 0.000000 0.518600 0.000000 0.855017 0.342647 0.342647 0.342647
4971.340820 0.000000 2242.163330 0.000000 0.954399 0.000000 -0.298533 0.415137 0.415137 0.415137
4983.222656 0.000000 2253.145020 0.000000 0.373099 0.000000 0.927791 0.313363 0.313363 0.313363
4941.946289 0.000000 2244.714600 0.000000 0.175562 0.000000 0.984468 0.319937 0.319937 0.319937
4954.794922 0.000000 2239.573975 0.000000 0.503632 0.000000 0.863919 0.342193 0.342193 0.342193
4978.495117 0.000000 2269.992676 0.000000 0.831575 0.000000 0.555412 0.367363 0.367363 0.367363
4939.677734 0.000000 2242.494873 0.000000 0.196787 0.000000 -0.980446 0.504182 0.504182 0.504182
4931.931641 0.000000 2243.236328 0.000000 0.081093 0.000000 -0.996706 0.493716 0.493716 0.493716
4991.298340 0.000000 2275.811279 0.000000 0.510561 0.000000 0.859842 0.317318 0.317318 0.317318
4945.805664 0.000000 2241.614990 0.000000 0.186011 0.000000 -0.982548 0.508470 0.508470 0.508470
4987.769531 0.000000 2248.043213 0.000000 0.641601 0.000000 -0.767039 0.470277 0.470277 0.470277
4981.386719 0.000000 2276.457764 0.000000 0.745063 0.000000 0.666994 0.354063 0.354063 0.354063
4984.745117 0.000000 2239.523682 0.000000 0.918606 0.000000 0.395175 0.376267 0.376267 0.376267
4929.963867 0.000000 2242.372070 0.000000 0.718214 0.000000 -0.695823 0.456101 0.456101 0.456101
4984.925293 0.000000 2245.779297 0.000000 0.712176 0.000000 -0.702001 0.447793 0.447793 0.447793
4987.733887 0.000000 2242.211914 0.000000 0.054343 0.000000 0.998522 0.295511 0.295511 0.295511
4958.214844 0.000000 2239.525635 0.000000 0.951782 0.000000 -0.306774 0.419149 0.419149 0.419149
4984.584961 0.000000 2273.198242 0.000000 0.434623 0.000000 -0.900613 0.469417 0.469417 0.469417
4987.041504 0.000000 2272.918457 0.000000 0.797532 0.000000 0.603277 0.358934 0.358934 0.358934
5050.660156 0.000000 2202.061768 0.000000 0.515071 0.000000 0.857148 0.284318 0.284318 0.284318
5011.029297 0.000000 2184.492432 0.000000 0.900623 0.000000 -0.434602 0.451183 0.451183 0.451183
5044.063965 0.000000 2221.788086 0.000000 0.992268 0.000000 -0.124114 0.400746 0.400746 0.400746
5022.467773 0.000000 2186.881104 0.000000 0.290222 0.000000 -0.956959 0.544664 0.544664 0.544664
5010.339844 0.000000 2205.311523 0.000000 0.917913 0.000000 0.396781 0.390629 0.390629 0.390629
5047.678711 0.000000 2219.226807 0.000000 0.968525 0.000000 -0.248916 0.404647 0.404647 0.404647
5008.767090 0.000000 2232.784912 0.000000 0.662790 0.000000 -0.748805 0.416479 0.416479 0.416479
5021.486328 0.000000 2215.041260 0.000000 0.952568 0.000000 -0.304324 0.407720 0.407720 0.407720
4998.973633 0.000000 2222.117188 0.000000 0.862310 0.000000 0.506380 0.386479 0.386479 0.386479
5013.608887 0.000000 2211.736816 0.000000 0.503715 0.000000 0.863870 0.367194 0.367194 0.367194
4991.922363 0.000000 2175.618652 0.000000 0.138455 0.000000 -0.990369 0.543707 0.543707 0.543707
4994.354980 0.000000 2201.886719 0.000000 0.294742 0.000000 0.955577 0.363174 0.363174 0.363174
5022.250977 0.000000 2236.438477 0.000000 0.201149 0.000000 0.979561 0.358326 0.358326 0.358326
5054.247070 0.000000 2188.859619 0.000000 0.212866 0.000000 -0.977081 0.534764 0.534764 0.534764
4993.853027 0.000000 2212.165771 0.000000 0.995476 0.000000 0.095017 0.397482 0.397482 0.397482
5045.024902 0.000000 2214.721436 0.000000 0.999809 0.000000 -0.019526 0.400556 0.400556 0.400556
5015.909668 0.000000 2200.782715 0.000000 0.975448 0.000000 0.220229 0.392461 0.392461 0.392461
4994.198730 0.000000 2215.410889 0.000000 0.358408 0.000000 -0.933565 0.447502 0.447502 0.447502
4996.836914 0.000000 2203.573730 0.000000 0.576295 0.000000 0.817241 0.369431 0.369431 0.369431
5002.536621 0.000000 2223.968750 0.000000 0.969992 0.000000 -0.243138 0.408216 0.408216 0.408216
5013.635742 0.000000 2198.670410 0.000000 0.029791 0.000000 0.999556 0.336906 0.336906 0.336906
5049.113770 0.000000 2204.642090 0.000000 0.818716 0.000000 -0.574199 0.454970 0.454970 0.454970
5021.534668 0.000000 2180.122803 0.000000 0.860072 0.000000 0.510173 0.352951 0.352951 0.352951
5021.783203 0.000000 2206.789307 0.000000 0.526591 0.000000 -0.850119 0.438055 0.438055 0.438055
5043.995117 0.000000 2188.748291 0.000000 0.921665 0.000000 0.387986 0.364388 0.364388 0.364388
5038.860840 0.000000 2187.243652 0.000000 0.507152 0.000000 -0.861857 0.494930 0.494930 0.494930
5036.526367 0.000000 2185.330322 0.000000 0.452133 0.000000 0.891951 0.299339 0.299339 0.299339
5020.098145 0.000000 2201.769775 0.000000 0.517972 0.000000 -0.855398 0.487629 0.487629 0.487629
4996.075195 0.000000 2219.989746 0.000000 0.774759 0.000000 -0.632257 0.428024 0.428024 0.428024
5040.996582 0.000000 2191.766357 0.000000 0.407952 0.000000 -0.913003 0.506857 0.506857 0.506857
5031.699219 0.000000 2221.581787 0.000000 0.954997 0.000000 -0.296616 0.427517 0.427517 0.427517
5002.787109 0.000000 2194.264160 0.000000 0.899513 0.000000 -0.436894 0.440637 0.440637 0.440637
4997.916504 0.000000 2231.348877 0.000000 0.739446 0.000000 -0.673216 0.432820 0.432820 0.432820
5035.629883 0.000000 2191.003906 0.000000 0.136227 0.000000 -0.990678 0.516721 0.516721 0.516721
4993.999512 0.000000 2198.769531 0.000000 0.999868 0.000000 0.016247 0.399424 0.399424 0.399424
5038.479492 0.000000 2190.103516 0.000000 0.170802 0.000000 -0.985305 0.524353 0.524353 0.524353
5011.515137 0.000000 2231.934570 0.000000 0.926262 0.000000 -0.376881 0.415436 0.415436 0.415436
5019.737305 0.000000 2204.997559 0.000000 0.958512 0.000000 -0.285051 0.410969 0.410969 0.410969
5049.806641 0.000000 2217.354736 0.000000 0.340323 0.000000 -0.940309 0.447652 0.447652 0.447652
4997.135742 0.000000 2210.849365 0.000000 0.400253 0.000000 0.916405 0.343287 0.343287 0.343287
5018.341309 0.000000 2199.715576 0.000000 0.902843 0.000000 0.429971 0.362939 0.362939 0.362939
5033.984863 0.000000 2186.127686 0.000000 0.887372 0.000000 0.461053 0.359804 0.359804 0.359804
4995.236328 0.000000 2231.350830 0.000000 0.282074 0.000000 -0.959393 0.460946 0.460946 0.460946
5001.189941 0.000000 2206.882813 0.000000 0.966582 0.000000 0.256359 0.385890 0.385890 0.385890
5005.678711 0.000000 2222.510498 0.000000 0.625177 0.000000 0.780483 0.365573 0.365573 0.365573
5008.722168 0.000000 2185.758301 0.000000 0.987178 0.000000 0.159626 0.387113 0.387113 0.387113
5010.588867 0.000000 2191.221924 0.000000 0.868323 0.000000 -0.496000 0.445867 0.445867 0.445867
5027.368652 0.000000 2234.665771 0.000000 0.665260 0.000000 -0.746612 0.433251 0.433251 0.433251
5033.653320 0.000000 2189.188477 0.000000 0.928169 0.000000 -0.372158 0.430274 0.430274 0.430274
5001.785645 0.000000 2210.932617 0.000000 0.746219 0.000000 0.665701 0.346534 0.346534 0.346534
5005.938477 0.000000 2180.730225 0.000000 0.576302 0.000000 0.817237 0.343161 0.343161 0.343161
5034.768555 0.000000 2220.422363 0.000000 0.989032 0.000000 -0.147704 0.410511 0.410511 0.410511
5036.995117 0.000000 2182.889404 0.000000 0.672786 0.000000 -0.739837 0.468613 0.468613 0.468613
4994.163086 0.000000 2193.606445 0.000000 0.807638 0.000000 -0.589678 0.447864 0.447864 0.447864
5019.567383 0.000000 2219.469971 0.000000 0.833567 0.000000 -0.552418 0.430099 0.430099 0.430099
5009.580078 0.000000 2211.670410 0.000000 0.567923 0.000000 -0.823082 0.456481 0.456481 0.456481
5018.787109 0.000000 2175.589600 0.000000 0.110340 0.000000 0.993894 0.284072 0.284072 0.284072
5012.574219 0.000000 2217.824951 0.000000 0.960564 0.000000 0.278058 0.383680 0.383680 0.383680
5048.533203 0.000000 2212.730225 0.000000 0.459529 0.000000 -0.888163 0.460050 0.460050 0.460050
5037.460938 0.000000 2216.355713 0.000000 0.993999 0.000000 0.109386 0.393050 0.393050 0.393050
5028.144531 0.000000 2226.860596 0.000000 0.050151 0.000000 -0.998742 0.517686 0.517686 0.517686
5052.004395 0.000000 2187.912842 0.000000 0.955447 0.000000 0.295162 0.375465 0.375465 0.375465
5041.539063 0.000000 2183.398193 0.000000 0.904075 0.000000 0.427373 0.369793 0.369793 0.369793
5035.037109 0.000000 2218.066895 0.000000 0.272014 0.000000 -0.962293 0.498308 0.498308 0.498308
5051.761719 0.000000 2184.058838 0.000000 0.886636 0.000000 0.462468 0.371673 0.371673 0.371673
5007.828125 0.000000 2218.375977 0.000000 0.498967 0.000000 0.866621 0.332996 0.332996 0.332996
5009.014648 0.000000 2222.778076 0.000000 0.696582 0.000000 0.717477 0.354054 0.354054 0.354054
5039.092773 0.000000 2179.373779 0.000000 0.147957 0.000000 0.988994 0.328273 0.328273 0.328273
5017.886230 0.000000 2233.571777 0.000000 0.632690 0.000000 -0.774406 0.448208 0.448208 0.448208
5022.875488 0.000000 2221.962158 0.000000 0.577470 0.000000 0.816412 0.339430 0.339430 0.339430
5005.197754 0.000000 2206.987549 0.000000 0.272444 0.000000 -0.962172 0.473705 0.473705 0.473705
4991.462402 0.000000 2184.717773 0.000000 0.679880 0.000000 0.733323 0.344922 0.344922 0.344922
5042.049316 0.000000 2210.291504 0.000000 0.570822 0.000000 0.821074 0.348535 0.348535 0.348535
5048.294434 0.000000 2187.109131 0.000000 0.768132 0.000000 0.640291 0.346221 0.346221 0.346221
5045.723633 0.000000 2184.490967 0.000000 0.253409 0.000000 -0.967359 0.478110 0.478110 0.478110
5036.979004 0.000000 2214.158447 0.000000 0.542994 0.000000 0.839736 0.334302 0.334302 0.334302
4998.901367 0.000000 2184.941406 0.000000 0.546562 0.000000 0.837419 0.327644 0.327644 0.327644
5034.582520 0.000000 2180.378662 0.000000 0.540294 0.000000 -0.841476 0.475896 0.475896 0.475896
5010.510254 0.000000 2194.816162 0.000000 0.633979 0.000000 0.773350 0.341729 0.341729 0.341729
5002.362793 0.000000 2219.143555 0.000000 0.007784 0.000000 0.999970 0.302447 0.302447 0.302447
5011.923340 0.000000 2215.737549 0.000000 0.413648 0.000000 0.910437 0.336005 0.336005 0.336005
5015.478516 0.000000 2229.763428 0.000000 0.087925 0.000000 0.996127 0.294129 0.294129 0.294129
5052.188965 0.000000 2217.145264 0.000000 0.997347 0.000000 0.072796 0.395707 0.395707 0.395707
4993.956055 0.000000 2178.387695 0.000000 0.898713 0.000000 0.438537 0.369626 0.369626 0.369626
5015.678223 0.000000 2220.854248 0.000000 0.876916 0.000000 0.480644 0.367204 0.367204 0.367204
5032.570801 0.000000 2225.053223 0.000000 0.506242 0.000000 0.862392 0.328860 0.328860 0.328860
5022.173340 0.000000 2233.522217 0.000000 0.194477 0.000000 0.980907 0.318296 0.318296 0.318296
5013.202637 0.000000 2224.783203 0.000000 0.883248 0.000000 -0.468907 0.431923 0.431923 0.431923
5012.549316 0.000000 2222.019531 0.000000 0.888935 0.000000 -0.458033 0.432071 0.432071 0.432071
5000.888184 0.000000 2217.211670 0.000000 0.285782 0.000000 0.958295 0.310456 0.310456 0.310456
5023.755859 0.000000 2179.321533 0.000000 0.651024 0.000000 0.759057 0.347499 0.347499 0.347499
5023.620605 0.000000 2205.819092 0.000000 0.998239 0.000000 0.059328 0.396117 0.396117 0.396117
5056.884766 0.000000 2191.325195 0.000000 0.243316 0.000000 -0.969947 0.546212 0.546212 0.546212
5078.356445 0.000000 2206.900635 0.000000 0.812355 0.000000 -0.583163 0.400311 0.400311 0.400311
5055.613281 0.000000 2200.347412 0.000000 0.999245 0.000000 -0.038860 0.404289 0.404289 0.404289
5082.951172 0.000000 2207.718994 0.000000 0.225477 0.000000 0.974249 0.378536 0.378536 0.378536
5105.082031 0.000000 2203.852295 0.000000 0.786266 0.000000 0.617888 0.385367 0.385367 0.385367
5058.663574 0.000000 2181.340088 0.000000 0.988850 0.000000 0.148916 0.395970 0.395970 0.395970
5067.166016 0.000000 2208.636230 0.000000 0.887665 0.000000 0.460491 0.389725 0.389725 0.389725
5094.256836 0.000000 2184.329102 0.000000 0.977064 0.000000 0.212948 0.395500 0.395500 0.395500
5061.438477 0.000000 2196.909180 0.000000 0.928902 0.000000 0.370326 0.365336 0.365336 0.365336
5069.300781 0.000000 2193.053467 0.000000 0.840809 0.000000 -0.541331 0.452267 0.452267 0.452267
5093.002930 0.000000 2199.067139 0.000000 0.998044 0.000000 0.062522 0.394283 0.394283 0.394283
5055.432617 0.000000 2203.452393 0.000000 0.493672 0.000000 0.869648 0.297329 0.297329 0.297329
5076.760254 0.000000 2187.094482 0.000000 0.985067 0.000000 -0.172169 0.415810 0.415810 0.415810
5065.044434 0.000000 2179.449219 0.000000 0.997904 0.000000 0.064705 0.398092 0.398092 0.398092
5069.425781 0.000000 2200.031738 0.000000 0.940490 0.000000 0.339822 0.385111 0.385111 0.385111
5074.220215 0.000000 2200.359619 0.000000 0.259682 0.000000 0.965694 0.359505 0.359505 0.359505
5077.627930 0.000000 2198.670410 0.000000 0.172403 0.000000 -0.985027 0.460709 0.460709 0.460709
5081.186523 0.000000 2190.002441 0.000000 0.446390 0.000000 0.894839 0.298752 0.298752 0.298752
5064.523926 0.000000 2188.560791 0.000000 0.508973 0.000000 0.860782 0.305263 0.305263 0.305263
5060.067383 0.000000 2219.989746 0.000000 0.917830 0.000000 -0.396975 0.416510 0.416510 0.416510
5095.858887 0.000000 2198.150146 0.000000 0.090726 0.000000 0.995876 0.276595 0.276595 0.276595
5101.229004 0.000000 2196.027344 0.000000 0.019512 0.000000 0.999810 0.333387 0.333387 0.333387
5089.266113 0.000000 2193.503418 0.000000 0.410028 0.000000 0.912073 0.301382 0.301382 0.301382
5080.978027 0.000000 2182.782715 0.000000 0.964283 0.000000 0.264875 0.376844 0.376844 0.376844
5066.779297 0.000000 2194.264160 0.000000 0.738400 0.000000 0.674363 0.335700 0.335700 0.335700
5065.899902 0.000000 2203.305420 0.000000 0.999908 0.000000 0.013569 0.399350 0.399350 0.399350
5061.312012 0.000000 2206.205811 0.000000 0.923791 0.000000 -0.382896 0.420797 0.420797 0.420797
5072.714355 0.000000 2185.758301 0.000000 0.003282 0.000000 -0.999995 0.529141 0.529141 0.529141
5091.534668 0.000000 2194.826416 0.000000 0.687207 0.000000 -0.726461 0.469835 0.469835 0.469835
5100.740723 0.000000 2198.738770 0.000000 0.874038 0.000000 0.485858 0.374921 0.374921 0.374921
5078.443359 0.000000 2178.183838 0.000000 0.996117 0.000000 0.088038 0.392737 0.392737 0.392737
5090.922852 0.000000 2206.712402 0.000000 0.856535 0.000000 -0.516089 0.429513 0.429513 0.429513
5086.500000 0.000000 2196.930908 0.000000 0.919866 0.000000 0.392232 0.365787 0.365787 0.365787
5069.930664 0.000000 2180.730225 0.000000 0.402701 0.000000 -0.915332 0.457737 0.457737 0.457737
5094.179688 0.000000 2206.543701 0.000000 0.530177 0.000000 0.847887 0.339365 0.339365 0.339365
5098.979492 0.000000 2206.116699 0.000000 0.895905 0.000000 -0.444245 0.421836 0.421836 0.421836
5082.779297 0.000000 2175.589600 0.000000 0.944760 0.000000 0.327762 0.372155 0.372155 0.372155
5086.094238 0.000000 2189.290039 0.000000 0.484659 0.000000 0.874703 0.312805 0.312805 0.312805
5067.662109 0.000000 2178.510498 0.000000 0.820196 0.000000 0.572083 0.373543 0.373543 0.373543
5088.178711 0.000000 2202.143311 0.000000 0.777061 0.000000 0.629425 0.353769 0.353769 0.353769
5078.505371 0.000000 2192.257324 0.000000 0.563538 0.000000 -0.826090 0.480576 0.480576 0.480576
5088.940918 0.000000 2185.279053 0.000000 0.232401 0.000000 0.972620 0.317934 0.317934 0.317934
5057.672852 0.000000 2207.395752 0.000000 0.995826 0.000000 0.091274 0.392926 0.392926 0.392926
5076.588379 0.000000 2181.336182 0.000000 0.701702 0.000000 0.712471 0.348129 0.348129 0.348129
5100.023926 0.000000 2203.877197 0.000000 0.989707 0.000000 -0.143108 0.407242 0.407242 0.407242
5088.687500 0.000000 2187.547852 0.000000 0.746563 0.000000 0.665315 0.351660 0.351660 0.351660
5055.454590 0.000000 2184.717773 0.000000 0.671761 0.000000 0.740768 0.352932 0.352932 0.352932
5062.893555 0.000000 2184.941406 0.000000 0.050039 0.000000 -0.998747 0.497193 0.497193 0.497193
5086.236328 0.000000 2201.026123 0.000000 0.741523 0.000000 -0.670927 0.448840 0.448840 0.448840
5074.502441 0.000000 2194.816162 0.000000 0.862023 0.000000 0.506870 0.360985 0.360985 0.360985
5081.102539 0.000000 2195.707764 0.000000 0.998758 0.000000 0.049814 0.396591 0.396591 0.396591
5097.583008 0.000000 2207.856201 0.000000 0.893949 0.000000 0.448169 0.374244 0.374244 0.374244
5087.748047 0.000000 2179.321533 0.000000 0.067705 0.000000 -0.997705 0.496062 0.496062 0.496062
5069.400391 0.000000 2182.681396 0.000000 0.431019 0.000000 -0.902343 0.468541 0.468541 0.468541
5061.715820 0.000000 2215.321777 0.000000 0.973194 0.000000 -0.229986 0.414252 0.414252 0.414252
5026.886230 0.000000 2240.015625 0.000000 0.773076 0.000000 0.634313 0.398285 0.398285 0.398285
5000.191895 0.000000 2259.781250 0.000000 0.929676 0.000000 0.368377 0.398305 0.398305 0.398305
5015.679688 0.000000 2249.376709 0.000000 0.997405 0.000000 0.071998 0.398813 0.398813 0.398813
5008.920410 0.000000 2239.458984 0.000000 0.219744 0.000000 -0.975558 0.434358 0.434358 0.434358
4996.659180 0.000000 2281.127441 0.000000 0.518401 0.000000 -0.855138 0.425610 0.425610 0.425610
5004.560059 0.000000 2275.056152 0.000000 0.668911 0.000000 0.743342 0.370709 0.370709 0.370709
5002.607910 0.000000 2261.710449 0.000000 0.733126 0.000000 -0.680093 0.431368 0.431368 0.431368
5013.718750 0.000000 2247.376953 0.000000 0.156763 0.000000 0.987636 0.329428 0.329428 0.329428
5004.569824 0.000000 2266.519043 0.000000 0.790757 0.000000 -0.612130 0.458219 0.458219 0.458219
5008.722168 0.000000 2249.742676 0.000000 0.987345 0.000000 -0.158590 0.413678 0.413678 0.413678
5001.785645 0.000000 2274.916992 0.000000 0.007507 0.000000 -0.999972 0.518646 0.518646 0.518646
5005.938477 0.000000 2244.714600 0.000000 0.778860 0.000000 0.627198 0.352948 0.352948 0.352948
5003.669922 0.000000 2242.494873 0.000000 0.608451 0.000000 0.793592 0.327682 0.327682 0.327682
4995.923828 0.000000 2243.236328 0.000000 0.651931 0.000000 -0.758279 0.462312 0.462312 0.462312
5009.797852 0.000000 2241.614990 0.000000 0.096940 0.000000 -0.995290 0.472112 0.472112 0.472112
5005.197754 0.000000 2270.971924 0.000000 0.510091 0.000000 -0.860120 0.470317 0.470317 0.470317
4998.901367 0.000000 2248.925781 0.000000 0.994459 0.000000 0.105129 0.393058 0.393058 0.393058
4991.427246 0.000000 2276.099854 0.000000 0.034929 0.000000 -0.999390 0.491258 0.491258 0.491258
5716.093262 0.000000 2546.558594 0.000000 0.590289 0.000000 -0.807192 0.435178 0.435178 0.435178
"}
