object={
	name="tree_leaf_high_generator_1_0"
	clamp_to_water_level=no
	render_under_water=no
	generated_content=yes
	layer="tree_high_layer"
	pdxmesh="tree_leaf_01_a_mesh"
	count=836
	transform="4319.680176 0.000000 2239.218018 0.000000 0.974698 0.000000 -0.223527 0.818910 0.818910 0.818910
4305.851074 0.000000 2252.761230 0.000000 0.301822 0.000000 0.953364 0.731828 0.731828 0.731828
4307.840332 0.000000 2243.083740 0.000000 0.997740 0.000000 -0.067199 0.803761 0.803761 0.803761
4324.810059 0.000000 2300.882812 0.000000 0.463099 0.000000 -0.886307 0.880497 0.880497 0.880497
4306.216797 0.000000 2245.496094 0.000000 0.909063 0.000000 -0.416659 0.844634 0.844634 0.844634
4310.537109 0.000000 2242.168213 0.000000 0.978977 0.000000 0.203969 0.720821 0.720821 0.720821
4311.927246 0.000000 2251.923096 0.000000 0.939748 0.000000 0.341868 0.639029 0.639029 0.639029
4314.873047 0.000000 2239.573975 0.000000 0.743221 0.000000 0.669046 0.492597 0.492597 0.492597
4329.400879 0.000000 2303.384277 0.000000 0.709368 0.000000 -0.704839 0.907794 0.907794 0.907794
4315.652344 0.000000 2257.031738 0.000000 0.656850 0.000000 -0.754021 1.137782 1.137782 1.137782
4322.929688 0.000000 2302.699219 0.000000 0.562674 0.000000 -0.826679 1.295636 1.295636 1.295636
4314.039551 0.000000 2249.064209 0.000000 0.903021 0.000000 0.429597 0.735259 0.735259 0.735259
4308.026855 0.000000 2253.120117 0.000000 0.686000 0.000000 -0.727602 1.136870 1.136870 1.136870
4311.325684 0.000000 2239.609619 0.000000 0.123857 0.000000 -0.992300 1.028251 1.028251 1.028251
4312.485840 0.000000 2243.238037 0.000000 0.374670 0.000000 0.927158 0.219293 0.219293 0.219293
4315.006836 0.000000 2241.930176 0.000000 0.975216 0.000000 0.221253 0.700635 0.700635 0.700635
4306.690430 0.000000 2250.736572 0.000000 0.302499 0.000000 -0.953150 1.001878 1.001878 1.001878
4308.714355 0.000000 2255.161865 0.000000 0.877710 0.000000 -0.479192 0.971671 0.971671 0.971671
4314.043457 0.000000 2255.771240 0.000000 0.796736 0.000000 0.604327 0.605592 0.605592 0.605592
4314.955566 0.000000 2258.912354 0.000000 0.672857 0.000000 0.739773 0.605410 0.605410 0.605410
4308.918945 0.000000 2249.158691 0.000000 0.298356 0.000000 0.954455 0.460692 0.460692 0.460692
4312.822754 0.000000 2244.998535 0.000000 0.591115 0.000000 -0.806587 1.182320 1.182320 1.182320
4312.225586 0.000000 2255.449463 0.000000 0.533443 0.000000 0.845836 0.401332 0.401332 0.401332
4309.874023 0.000000 2257.874756 0.000000 0.993578 0.000000 -0.113145 0.824458 0.824458 0.824458
4313.076172 0.000000 2250.638916 0.000000 0.219631 0.000000 -0.975583 1.161129 1.161129 1.161129
4311.550293 0.000000 2247.594971 0.000000 0.359530 0.000000 -0.933133 1.383866 1.383866 1.383866
4309.533203 0.000000 2243.800049 0.000000 0.994055 0.000000 -0.108880 0.824404 0.824404 0.824404
4310.600586 0.000000 2250.771240 0.000000 0.972900 0.000000 0.231225 0.692347 0.692347 0.692347
4460.407715 0.000000 2233.690430 0.000000 0.953762 0.000000 0.300564 0.793293 0.793293 0.793293
4453.444824 0.000000 2232.893555 0.000000 0.897680 0.000000 0.440648 0.567598 0.567598 0.567598
4440.656738 0.000000 2235.553467 0.000000 0.949227 0.000000 0.314592 0.644042 0.644042 0.644042
4444.171387 0.000000 2234.165527 0.000000 0.983064 0.000000 0.183263 0.712392 0.712392 0.712392
4427.969238 0.000000 2228.358154 0.000000 0.457221 0.000000 -0.889353 0.867854 0.867854 0.867854
4450.368652 0.000000 2231.165527 0.000000 0.025515 0.000000 -0.999674 1.587004 1.587004 1.587004
4454.690918 0.000000 2224.166748 0.000000 0.948983 0.000000 0.315329 0.648149 0.648149 0.648149
4452.794434 0.000000 2236.898438 0.000000 0.522572 0.000000 0.852595 0.280044 0.280044 0.280044
4432.472168 0.000000 2225.051270 0.000000 0.339791 0.000000 -0.940501 1.332972 1.332972 1.332972
4448.600586 0.000000 2233.874756 0.000000 0.972303 0.000000 -0.233726 0.920147 0.920147 0.920147
4441.128906 0.000000 2228.159912 0.000000 0.999971 0.000000 -0.007654 0.803577 0.803577 0.803577
4434.694824 0.000000 2221.033203 0.000000 0.653809 0.000000 0.756660 0.438344 0.438344 0.438344
4455.769531 0.000000 2221.581787 0.000000 0.235453 0.000000 -0.971886 1.391085 1.391085 1.391085
4435.585449 0.000000 2231.934570 0.000000 0.079341 0.000000 -0.996848 0.984675 0.984675 0.984675
4452.898926 0.000000 2230.247314 0.000000 0.199709 0.000000 -0.979855 1.497600 1.497600 1.497600
4429.749023 0.000000 2222.510498 0.000000 0.953803 0.000000 0.300434 0.767090 0.767090 0.767090
4458.771973 0.000000 2235.956299 0.000000 0.487286 0.000000 -0.873243 0.916639 0.916639 0.916639
4441.272949 0.000000 2238.568848 0.000000 0.086374 0.000000 0.996263 0.639915 0.639915 0.639915
4451.438965 0.000000 2234.665771 0.000000 0.434699 0.000000 0.900576 0.229033 0.229033 0.229033
4449.011230 0.000000 2225.049072 0.000000 0.044793 0.000000 -0.998996 1.452221 1.452221 1.452221
4431.676758 0.000000 2235.097412 0.000000 0.448193 0.000000 -0.893937 1.323545 1.323545 1.323545
4452.214844 0.000000 2226.860596 0.000000 0.175906 0.000000 0.984407 0.090057 0.090057 0.090057
4454.389160 0.000000 2219.652100 0.000000 0.882959 0.000000 0.469450 0.594067 0.594067 0.594067
4457.105957 0.000000 2216.532959 0.000000 0.972639 0.000000 -0.232320 0.835121 0.835121 0.835121
4454.423828 0.000000 2235.187256 0.000000 0.082055 0.000000 -0.996628 1.468967 1.468967 1.468967
4433.084961 0.000000 2222.778076 0.000000 0.026657 0.000000 -0.999645 1.549414 1.549414 1.549414
4434.063965 0.000000 2234.864746 0.000000 0.177102 0.000000 -0.984193 1.381368 1.381368 1.381368
4456.464844 0.000000 2228.781494 0.000000 0.011202 0.000000 -0.999937 1.341990 1.341990 1.341990
4445.905762 0.000000 2226.386230 0.000000 0.732082 0.000000 -0.681216 1.141265 1.141265 1.141265
4438.437500 0.000000 2235.571289 0.000000 0.306505 0.000000 -0.951869 1.363377 1.363377 1.363377
4439.548828 0.000000 2229.763428 0.000000 0.895174 0.000000 0.445717 0.611774 0.611774 0.611774
4455.003418 0.000000 2231.323730 0.000000 0.385383 0.000000 -0.922757 1.398511 1.398511 1.398511
4439.748535 0.000000 2220.854248 0.000000 0.100828 0.000000 -0.994904 1.034843 1.034843 1.034843
4446.243652 0.000000 2233.522217 0.000000 0.532121 0.000000 -0.846668 1.158954 1.158954 1.158954
4438.353027 0.000000 2227.926758 0.000000 0.994581 0.000000 -0.103965 0.850965 0.850965 0.850965
4437.272949 0.000000 2224.783203 0.000000 0.963164 0.000000 -0.268916 0.913107 0.913107 0.913107
4430.665527 0.000000 2233.151367 0.000000 0.689360 0.000000 -0.724419 1.168937 1.168937 1.168937
4436.619629 0.000000 2222.019531 0.000000 0.165555 0.000000 0.986201 0.191299 0.191299 0.191299
4435.496094 0.000000 2228.617432 0.000000 0.999728 0.000000 0.023340 0.796410 0.796410 0.796410
4451.127930 0.000000 2229.182129 0.000000 0.992061 0.000000 0.125760 0.735781 0.735781 0.735781
4439.703613 0.000000 2237.286621 0.000000 0.741130 0.000000 -0.671362 1.049910 1.049910 1.049910
4444.101562 0.000000 2223.782959 0.000000 0.670474 0.000000 -0.741933 1.113883 1.113883 1.113883
4444.934570 0.000000 2232.062500 0.000000 0.114053 0.000000 0.993475 0.392745 0.392745 0.392745
4447.998047 0.000000 2226.757324 0.000000 0.618886 0.000000 -0.785481 1.110365 1.110365 1.110365
4454.004395 0.000000 2225.979736 0.000000 0.496255 0.000000 -0.868177 1.297731 1.297731 1.297731
4444.019531 0.000000 2225.972900 0.000000 0.510206 0.000000 -0.860052 1.234256 1.234256 1.234256
4433.427734 0.000000 2219.598389 0.000000 0.128132 0.000000 0.991757 0.281485 0.281485 0.281485
4436.675293 0.000000 2236.464600 0.000000 0.967451 0.000000 0.253060 0.699848 0.699848 0.699848
4431.669434 0.000000 2231.304932 0.000000 0.992854 0.000000 0.119339 0.744810 0.744810 0.744810
4451.091797 0.000000 2222.603760 0.000000 0.998129 0.000000 -0.061137 0.811241 0.811241 0.811241
4429.229492 0.000000 2226.980957 0.000000 0.859203 0.000000 0.511634 0.699167 0.699167 0.699167
4445.513672 0.000000 2229.759766 0.000000 0.281600 0.000000 -0.959532 1.187635 1.187635 1.187635
4450.369141 0.000000 2233.098877 0.000000 0.133540 0.000000 0.991043 0.068215 0.068215 0.068215
4457.782227 0.000000 2237.552002 0.000000 0.572839 0.000000 -0.819668 1.062904 1.062904 1.062904
4431.362793 0.000000 2223.544678 0.000000 0.503575 0.000000 0.863952 0.479180 0.479180 0.479180
4448.621094 0.000000 2231.911621 0.000000 0.713829 0.000000 0.700320 0.474595 0.474595 0.474595
4440.925293 0.000000 2226.245850 0.000000 0.945975 0.000000 -0.324240 0.899585 0.899585 0.899585
4435.528320 0.000000 2219.281250 0.000000 0.839872 0.000000 -0.542785 0.950115 0.950115 0.950115
4452.329590 0.000000 2219.589355 0.000000 0.803894 0.000000 -0.594773 1.031542 1.031542 1.031542
4453.156738 0.000000 2223.164062 0.000000 0.740309 0.000000 -0.672267 1.085665 1.085665 1.085665
4455.920898 0.000000 2226.733398 0.000000 0.993160 0.000000 0.116763 0.740397 0.740397 0.740397
4428.848633 0.000000 2230.041748 0.000000 0.825510 0.000000 0.564387 0.638307 0.638307 0.638307
4440.033691 0.000000 2233.772217 0.000000 0.077292 0.000000 0.997008 0.361539 0.361539 0.361539
4433.241699 0.000000 2236.511475 0.000000 0.795437 0.000000 0.606036 0.551636 0.551636 0.551636
4456.294434 0.000000 2232.652100 0.000000 0.957576 0.000000 0.288180 0.713591 0.713591 0.713591
4442.695312 0.000000 2229.017578 0.000000 0.877586 0.000000 0.479419 0.567325 0.567325 0.567325
4430.189941 0.000000 2236.917236 0.000000 0.926417 0.000000 -0.376500 0.924125 0.924125 0.924125
4447.997559 0.000000 2235.553955 0.000000 0.878570 0.000000 0.477613 0.546404 0.546404 0.546404
4449.200195 0.000000 2238.360840 0.000000 0.639050 0.000000 0.769165 0.614220 0.614220 0.614220
4443.135254 0.000000 2232.264160 0.000000 0.931451 0.000000 -0.363867 0.923472 0.923472 0.923472
4451.932617 0.000000 2231.952393 0.000000 0.435932 0.000000 -0.899980 1.370270 1.370270 1.370270
4450.552246 0.000000 2225.804688 0.000000 0.837417 0.000000 0.546564 0.646396 0.646396 0.646396
4447.924805 0.000000 2223.639893 0.000000 0.704522 0.000000 -0.709683 1.037963 1.037963 1.037963
4442.581055 0.000000 2226.975830 0.000000 0.323410 0.000000 0.946259 0.338812 0.338812 0.338812
4444.514648 0.000000 2236.085693 0.000000 0.993072 0.000000 -0.117506 0.839754 0.839754 0.839754
4430.254883 0.000000 2220.427246 0.000000 0.851676 0.000000 0.524069 0.607199 0.607199 0.607199
4447.814453 0.000000 2237.367676 0.000000 0.318545 0.000000 -0.947908 1.240688 1.240688 1.240688
4454.773926 0.000000 2229.649902 0.000000 0.925774 0.000000 -0.378078 0.997464 0.997464 0.997464
4456.956055 0.000000 2236.044434 0.000000 0.670404 0.000000 0.741996 0.571241 0.571241 0.571241
4445.591309 0.000000 2237.937256 0.000000 0.563038 0.000000 0.826431 0.471668 0.471668 0.471668
4454.087402 0.000000 2237.941895 0.000000 0.011394 0.000000 0.999935 0.136612 0.136612 0.136612
4457.739258 0.000000 2221.670898 0.000000 0.533887 0.000000 0.845556 0.554484 0.554484 0.554484
4452.827148 0.000000 2228.360352 0.000000 0.362576 0.000000 0.931954 0.188965 0.188965 0.188965
4382.329102 0.000000 2300.422852 0.000000 0.561862 0.000000 -0.827231 0.868097 0.868097 0.868097
4391.011230 0.000000 2295.308105 0.000000 0.850041 0.000000 0.526716 0.623838 0.623838 0.623838
4404.284180 0.000000 2250.380859 0.000000 0.730024 0.000000 -0.683421 0.968314 0.968314 0.968314
4355.270996 0.000000 2302.873779 0.000000 0.953704 0.000000 0.300747 0.681029 0.681029 0.681029
4405.684082 0.000000 2252.920166 0.000000 0.460404 0.000000 -0.887710 1.090163 1.090163 1.090163
4435.099609 0.000000 2248.476807 0.000000 0.794947 0.000000 0.606679 0.792188 0.792188 0.792188
4463.313965 0.000000 2248.327393 0.000000 0.982647 0.000000 0.185486 0.794038 0.794038 0.794038
4446.538086 0.000000 2250.865479 0.000000 0.411834 0.000000 -0.911259 1.367795 1.367795 1.367795
4440.746094 0.000000 2257.405518 0.000000 0.857159 0.000000 -0.515052 1.071241 1.071241 1.071241
4440.918945 0.000000 2241.115723 0.000000 0.479442 0.000000 0.877574 0.748674 0.748674 0.748674
4442.789551 0.000000 2251.345703 0.000000 0.591030 0.000000 -0.806650 1.244216 1.244216 1.244216
4453.050293 0.000000 2253.185547 0.000000 0.993413 0.000000 0.114585 0.791284 0.791284 0.791284
4450.659180 0.000000 2247.339355 0.000000 0.961795 0.000000 -0.273772 0.933480 0.933480 0.933480
4438.448730 0.000000 2259.490723 0.000000 0.794930 0.000000 -0.606701 1.117690 1.117690 1.117690
4441.264648 0.000000 2253.986816 0.000000 0.691280 0.000000 -0.722587 1.153213 1.153213 1.153213
4445.604980 0.000000 2244.107178 0.000000 0.071246 0.000000 -0.997459 1.425921 1.425921 1.425921
4446.962402 0.000000 2248.045166 0.000000 0.946510 0.000000 0.322674 0.666135 0.666135 0.666135
4432.502441 0.000000 2259.690430 0.000000 0.062447 0.000000 -0.998048 0.941585 0.941585 0.941585
4449.344238 0.000000 2257.487793 0.000000 0.997850 0.000000 0.065541 0.794236 0.794236 0.794236
4454.891113 0.000000 2239.507080 0.000000 0.556543 0.000000 -0.830819 1.193648 1.193648 1.193648
4434.659180 0.000000 2255.206299 0.000000 0.165967 0.000000 -0.986131 0.999101 0.999101 0.999101
4461.065430 0.000000 2246.873779 0.000000 0.490514 0.000000 0.871433 0.630935 0.630935 0.630935
4444.428711 0.000000 2249.556641 0.000000 0.062507 0.000000 -0.998045 1.393430 1.393430 1.393430
4446.172363 0.000000 2253.274414 0.000000 0.244925 0.000000 0.969542 0.305749 0.305749 0.305749
4438.583496 0.000000 2256.241699 0.000000 0.993973 0.000000 -0.109629 0.850461 0.850461 0.850461
4449.019043 0.000000 2249.263428 0.000000 0.247413 0.000000 -0.968910 1.425189 1.425189 1.425189
4443.636719 0.000000 2257.031738 0.000000 0.849575 0.000000 0.527468 0.585828 0.585828 0.585828
4442.023926 0.000000 2249.064209 0.000000 0.716936 0.000000 0.697139 0.427158 0.427158 0.427158
4448.765625 0.000000 2251.532227 0.000000 0.311462 0.000000 -0.950259 1.275887 1.275887 1.275887
4441.180664 0.000000 2259.692139 0.000000 0.815713 0.000000 0.578457 0.573318 0.573318 0.573318
4436.011230 0.000000 2253.120117 0.000000 0.754968 0.000000 0.655761 0.665730 0.665730 0.665730
4439.310059 0.000000 2239.609619 0.000000 0.628921 0.000000 0.777469 0.668369 0.668369 0.668369
4456.124023 0.000000 2247.062256 0.000000 0.978984 0.000000 0.203935 0.708119 0.708119 0.708119
4452.199219 0.000000 2248.803711 0.000000 0.970519 0.000000 -0.241025 0.889456 0.889456 0.889456
4416.246582 0.000000 2261.471924 0.000000 0.911549 0.000000 0.411191 0.619728 0.619728 0.619728
4446.277344 0.000000 2239.525635 0.000000 0.980595 0.000000 0.196044 0.769260 0.769260 0.769260
4445.917480 0.000000 2246.154785 0.000000 0.794235 0.000000 -0.607610 1.106509 1.106509 1.106509
4447.826172 0.000000 2243.305908 0.000000 0.404825 0.000000 0.914394 0.532640 0.532640 0.532640
4456.034668 0.000000 2249.425049 0.000000 0.037212 0.000000 -0.999307 1.332948 1.332948 1.332948
4450.866699 0.000000 2245.152344 0.000000 0.576025 0.000000 0.817432 0.455978 0.455978 0.455978
4444.242188 0.000000 2252.707275 0.000000 0.852697 0.000000 0.522405 0.527740 0.527740 0.527740
4452.937988 0.000000 2240.093994 0.000000 0.498072 0.000000 0.867136 0.420634 0.420634 0.420634
4434.879395 0.000000 2239.924316 0.000000 0.975310 0.000000 0.220840 0.758195 0.758195 0.758195
4436.463379 0.000000 2259.315430 0.000000 0.795920 0.000000 -0.605402 1.049359 1.049359 1.049359
4436.698730 0.000000 2255.161865 0.000000 0.781699 0.000000 -0.623656 0.976190 0.976190 0.976190
4442.027832 0.000000 2255.771240 0.000000 0.998053 0.000000 0.062367 0.768715 0.768715 0.768715
4454.494629 0.000000 2243.695801 0.000000 0.543866 0.000000 -0.839172 1.155990 1.155990 1.155990
4442.939941 0.000000 2258.912354 0.000000 0.996457 0.000000 -0.084110 0.825060 0.825060 0.825060
4444.072754 0.000000 2245.245850 0.000000 0.203423 0.000000 -0.979091 1.370176 1.370176 1.370176
4454.609375 0.000000 2245.899902 0.000000 0.330013 0.000000 0.943976 0.319218 0.319218 0.319218
4424.904785 0.000000 2277.740723 0.000000 0.753763 0.000000 -0.657147 0.961824 0.961824 0.961824
4448.627441 0.000000 2247.268555 0.000000 0.991286 0.000000 -0.131724 0.854090 0.854090 0.854090
4451.761719 0.000000 2241.838623 0.000000 0.036802 0.000000 -0.999323 1.219732 1.219732 1.219732
4440.807129 0.000000 2244.998535 0.000000 0.060807 0.000000 -0.998150 1.122684 1.122684 1.122684
4457.542969 0.000000 2245.853027 0.000000 0.689129 0.000000 0.724639 0.516713 0.516713 0.516713
4457.929688 0.000000 2240.055664 0.000000 0.529450 0.000000 -0.848341 1.071067 1.071067 1.071067
4440.209961 0.000000 2255.449463 0.000000 0.634790 0.000000 -0.772685 1.242684 1.242684 1.242684
4453.025391 0.000000 2247.099121 0.000000 0.894430 0.000000 -0.447208 1.034279 1.034279 1.034279
4437.150391 0.000000 2260.960938 0.000000 0.979256 0.000000 0.202626 0.736428 0.736428 0.736428
4459.576660 0.000000 2245.850586 0.000000 0.829037 0.000000 0.559193 0.650667 0.650667 0.650667
4446.208984 0.000000 2242.451660 0.000000 0.054120 0.000000 -0.998534 1.151377 1.151377 1.151377
4452.182129 0.000000 2243.554199 0.000000 0.172767 0.000000 -0.984963 1.316235 1.316235 1.316235
4457.208984 0.000000 2243.268311 0.000000 0.927157 0.000000 0.374674 0.684946 0.684946 0.684946
4437.858398 0.000000 2257.874756 0.000000 0.032400 0.000000 0.999475 0.293032 0.293032 0.293032
4441.060547 0.000000 2250.638916 0.000000 0.694102 0.000000 -0.719877 1.116191 1.116191 1.116191
4438.584961 0.000000 2250.771240 0.000000 0.097886 0.000000 -0.995198 1.167680 1.167680 1.167680
4447.961426 0.000000 2253.104248 0.000000 0.849590 0.000000 -0.527444 1.007504 1.007504 1.007504
4438.886230 0.000000 2261.149414 0.000000 0.601034 0.000000 0.799223 0.472648 0.472648 0.472648
4444.222656 0.000000 2243.074707 0.000000 0.992112 0.000000 0.125355 0.765861 0.765861 0.765861
4445.310547 0.000000 2247.852539 0.000000 0.936355 0.000000 0.351055 0.631645 0.631645 0.631645
4442.475586 0.000000 2245.743896 0.000000 0.725709 0.000000 0.688002 0.552995 0.552995 0.552995
4455.261230 0.000000 2241.183105 0.000000 0.964660 0.000000 0.263496 0.705738 0.705738 0.705738
4442.894531 0.000000 2253.791992 0.000000 0.996984 0.000000 -0.077603 0.833822 0.833822 0.833822
4422.412598 0.000000 2277.770020 0.000000 0.704683 0.000000 -0.709522 0.995357 0.995357 0.995357
4441.492188 0.000000 2252.320801 0.000000 0.964342 0.000000 0.264660 0.682843 0.682843 0.682843
4491.053711 0.000000 2281.033936 0.000000 0.167319 0.000000 -0.985903 0.886846 0.886846 0.886846
4514.360840 0.000000 2295.149902 0.000000 0.752821 0.000000 -0.658225 1.127165 1.127165 1.127165
4501.671387 0.000000 2275.721191 0.000000 0.957615 0.000000 -0.288052 0.946478 0.946478 0.946478
4496.464355 0.000000 2289.035645 0.000000 0.995427 0.000000 0.095522 0.757964 0.757964 0.757964
4505.121094 0.000000 2292.144287 0.000000 0.222903 0.000000 -0.974841 0.920973 0.920973 0.920973
4516.891113 0.000000 2294.231689 0.000000 0.867424 0.000000 0.497570 0.582608 0.582608 0.582608
4508.629395 0.000000 2285.756592 0.000000 0.324950 0.000000 -0.945731 1.310108 1.310108 1.310108
4513.003418 0.000000 2289.033447 0.000000 0.309775 0.000000 0.950810 0.250701 0.250701 0.250701
4507.629883 0.000000 2283.454346 0.000000 0.812484 0.000000 -0.582984 1.037427 1.037427 1.037427
4501.497559 0.000000 2273.186035 0.000000 0.066989 0.000000 0.997754 0.118237 0.118237 0.118237
4497.642578 0.000000 2275.654785 0.000000 0.531442 0.000000 0.847095 0.380215 0.380215 0.380215
4496.714355 0.000000 2278.422363 0.000000 0.931569 0.000000 0.363565 0.641708 0.641708 0.641708
4497.302246 0.000000 2271.489258 0.000000 0.972587 0.000000 0.232540 0.690317 0.690317 0.690317
4495.117188 0.000000 2291.153809 0.000000 0.929720 0.000000 0.368268 0.671194 0.671194 0.671194
4499.951172 0.000000 2271.163086 0.000000 0.035326 0.000000 0.999376 0.067062 0.067062 0.067062
4500.636719 0.000000 2281.809326 0.000000 0.619512 0.000000 -0.784987 1.200235 1.200235 1.200235
4516.207031 0.000000 2290.844971 0.000000 0.930654 0.000000 0.365900 0.622685 0.622685 0.622685
4497.077148 0.000000 2286.762451 0.000000 0.039364 0.000000 -0.999225 1.362785 1.362785 1.362785
4502.841309 0.000000 2277.747559 0.000000 0.615658 0.000000 0.788014 0.475536 0.475536 0.475536
4520.457031 0.000000 2292.765869 0.000000 0.997470 0.000000 0.071082 0.776129 0.776129 0.776129
4493.260254 0.000000 2270.971924 0.000000 0.683286 0.000000 0.730151 0.674118 0.674118 0.674118
4499.985840 0.000000 2279.721924 0.000000 0.300639 0.000000 0.953738 0.324854 0.324854 0.324854
4512.942871 0.000000 2293.421875 0.000000 0.487065 0.000000 0.873366 0.473334 0.473334 0.473334
4522.623535 0.000000 2293.069092 0.000000 0.247524 0.000000 0.968882 0.575796 0.575796 0.575796
4503.541016 0.000000 2293.747803 0.000000 0.259006 0.000000 0.965876 0.614407 0.614407 0.614407
4520.633301 0.000000 2289.037598 0.000000 0.659518 0.000000 0.751689 0.657293 0.657293 0.657293
4510.235840 0.000000 2297.506592 0.000000 0.860319 0.000000 -0.509757 0.972001 0.972001 0.972001
4502.345215 0.000000 2291.911133 0.000000 0.544463 0.000000 -0.838785 0.945076 0.945076 0.945076
4496.822266 0.000000 2273.717773 0.000000 0.806553 0.000000 0.591161 0.534718 0.534718 0.534718
4500.611816 0.000000 2286.003906 0.000000 0.850784 0.000000 0.525516 0.676227 0.676227 0.676227
4499.488281 0.000000 2292.601807 0.000000 0.995748 0.000000 0.092116 0.758178 0.758178 0.758178
4505.543457 0.000000 2283.641113 0.000000 0.995504 0.000000 0.094722 0.756423 0.756423 0.756423
4494.577637 0.000000 2274.426514 0.000000 0.718549 0.000000 -0.695477 1.071880 1.071880 1.071880
4508.093750 0.000000 2287.767334 0.000000 0.967824 0.000000 0.251627 0.690268 0.690268 0.690268
4508.926758 0.000000 2296.046875 0.000000 0.919629 0.000000 0.392789 0.643595 0.643595 0.643595
4511.990234 0.000000 2290.741699 0.000000 0.457813 0.000000 -0.889048 1.106250 1.106250 1.106250
4492.915039 0.000000 2280.520508 0.000000 0.403776 0.000000 -0.914858 1.060705 1.060705 1.060705
4517.996582 0.000000 2289.964111 0.000000 0.946049 0.000000 -0.324023 0.890948 0.890948 0.890948
4508.011719 0.000000 2289.957275 0.000000 0.305817 0.000000 0.952090 0.435105 0.435105 0.435105
4497.419922 0.000000 2283.582764 0.000000 0.164095 0.000000 0.986445 0.381604 0.381604 0.381604
4499.634277 0.000000 2275.415527 0.000000 0.611158 0.000000 0.791508 0.515452 0.515452 0.515452
4497.731445 0.000000 2280.006836 0.000000 0.959668 0.000000 0.281135 0.685028 0.685028 0.685028
4493.221680 0.000000 2290.965332 0.000000 0.410319 0.000000 0.911942 0.561547 0.561547 0.561547
4509.505859 0.000000 2293.744141 0.000000 0.997800 0.000000 -0.066295 0.815901 0.815901 0.815901
4514.361328 0.000000 2297.083252 0.000000 0.195218 0.000000 -0.980760 1.294071 1.294071 1.294071
4495.354980 0.000000 2287.529053 0.000000 0.890141 0.000000 0.455686 0.637464 0.637464 0.637464
4512.613281 0.000000 2295.895996 0.000000 0.976417 0.000000 0.215895 0.692650 0.692650 0.692650
4504.669434 0.000000 2280.733887 0.000000 0.960298 0.000000 0.278975 0.713605 0.713605 0.713605
4499.520508 0.000000 2283.265625 0.000000 0.804080 0.000000 0.594521 0.676657 0.676657 0.676657
4503.416504 0.000000 2274.986572 0.000000 0.998043 0.000000 -0.062530 0.818870 0.818870 0.818870
4500.862305 0.000000 2278.064697 0.000000 0.226112 0.000000 0.974101 0.210022 0.210022 0.210022
4519.913086 0.000000 2290.717773 0.000000 0.949129 0.000000 0.314889 0.663724 0.663724 0.663724
4504.025879 0.000000 2297.756592 0.000000 0.534740 0.000000 -0.845017 1.029187 1.029187 1.029187
4494.817871 0.000000 2278.134521 0.000000 0.746964 0.000000 -0.664865 1.074545 1.074545 1.074545
4507.127441 0.000000 2296.248535 0.000000 0.999098 0.000000 -0.042470 0.815188 0.815188 0.815188
4515.924805 0.000000 2295.936768 0.000000 0.403643 0.000000 -0.914917 1.326090 1.326090 1.326090
4514.544434 0.000000 2289.789062 0.000000 0.899164 0.000000 0.437612 0.646213 0.646213 0.646213
4492.138184 0.000000 2287.137695 0.000000 0.096373 0.000000 0.995345 0.440774 0.440774 0.440774
4511.916992 0.000000 2287.624268 0.000000 0.574255 0.000000 -0.818677 1.173534 1.173534 1.173534
4494.247070 0.000000 2284.411621 0.000000 0.981315 0.000000 -0.192407 0.844470 0.844470 0.844470
4499.214844 0.000000 2294.275879 0.000000 0.198484 0.000000 0.980104 0.227719 0.227719 0.227719
4518.766113 0.000000 2293.634277 0.000000 0.995843 0.000000 -0.091082 0.838801 0.838801 0.838801
4498.436035 0.000000 2297.222656 0.000000 0.989483 0.000000 -0.144647 0.841167 0.841167 0.841167
4502.172363 0.000000 2282.591553 0.000000 0.948948 0.000000 -0.315434 0.926906 0.926906 0.926906
4516.819336 0.000000 2292.344727 0.000000 0.276524 0.000000 0.961007 0.258687 0.258687 0.258687
4325.650391 0.000000 2305.951416 0.000000 0.998452 0.000000 -0.055619 0.828341 0.828341 0.828341
4320.052246 0.000000 2305.242920 0.000000 0.176268 0.000000 -0.984342 0.919684 0.919684 0.919684
4326.906738 0.000000 2303.491455 0.000000 0.944298 0.000000 -0.329092 0.929263 0.929263 0.929263
4332.834473 0.000000 2326.707520 0.000000 0.605217 0.000000 0.796061 0.443239 0.443239 0.443239
4344.185059 0.000000 2319.342285 0.000000 0.539941 0.000000 0.841703 0.632160 0.632160 0.632160
4324.953613 0.000000 2304.078369 0.000000 0.017779 0.000000 0.999842 0.009055 0.009055 0.009055
4343.522949 0.000000 2305.998047 0.000000 0.196979 0.000000 0.980408 0.331246 0.331246 0.331246
4340.291992 0.000000 2314.365234 0.000000 0.225723 0.000000 -0.974191 1.298947 1.298947 1.298947
4323.777344 0.000000 2305.822998 0.000000 0.887931 0.000000 -0.459977 1.043428 1.043428 1.043428
4336.125488 0.000000 2330.306641 0.000000 0.952688 0.000000 -0.303950 0.890056 0.890056 0.890056
4327.276855 0.000000 2305.167480 0.000000 0.958321 0.000000 -0.285693 0.924990 0.924990 0.924990
4327.065918 0.000000 2322.787842 0.000000 0.165307 0.000000 0.986242 0.309024 0.309024 0.309024
4405.581055 0.000000 2319.218506 0.000000 0.210785 0.000000 0.977532 0.753878 0.753878 0.753878
4382.195312 0.000000 2347.631592 0.000000 0.310981 0.000000 0.950416 0.737358 0.737358 0.737358
4413.250000 0.000000 2319.903564 0.000000 0.696850 0.000000 -0.717217 0.836740 0.836740 0.836740
4413.484375 0.000000 2333.338867 0.000000 0.972622 0.000000 -0.232394 0.915702 0.915702 0.915702
4399.642578 0.000000 2342.886230 0.000000 0.706551 0.000000 0.707662 0.399600 0.399600 0.399600
4413.778809 0.000000 2343.582764 0.000000 0.991083 0.000000 -0.133247 0.865395 0.865395 0.865395
4409.571777 0.000000 2321.229004 0.000000 0.791109 0.000000 0.611675 0.764508 0.764508 0.764508
4395.270508 0.000000 2343.516113 0.000000 0.449026 0.000000 -0.893519 1.362834 1.362834 1.362834
4400.897461 0.000000 2347.943115 0.000000 0.411110 0.000000 -0.911586 1.384226 1.384226 1.384226
4378.797363 0.000000 2315.330078 0.000000 0.860075 0.000000 0.510168 0.768991 0.768991 0.768991
4400.744141 0.000000 2354.994141 0.000000 0.763507 0.000000 -0.645799 1.130919 1.130919 1.130919
4403.681641 0.000000 2325.166748 0.000000 0.987534 0.000000 0.157408 0.729916 0.729916 0.729916
4385.477051 0.000000 2332.604492 0.000000 0.989797 0.000000 -0.142487 0.861394 0.861394 0.861394
4396.855957 0.000000 2349.831543 0.000000 0.798766 0.000000 0.601641 0.471222 0.471222 0.471222
4396.763672 0.000000 2352.875977 0.000000 0.687336 0.000000 0.726339 0.459019 0.459019 0.459019
4394.045898 0.000000 2330.873779 0.000000 0.418011 0.000000 -0.908442 0.906969 0.906969 0.906969
4406.227539 0.000000 2351.962402 0.000000 0.606553 0.000000 -0.795043 1.268083 1.268083 1.268083
4410.909180 0.000000 2342.058105 0.000000 0.798046 0.000000 0.602596 0.470613 0.470613 0.470613
4410.023438 0.000000 2361.865723 0.000000 0.954164 0.000000 -0.299283 0.937192 0.937192 0.937192
4393.886230 0.000000 2340.771484 0.000000 0.995744 0.000000 0.092163 0.752995 0.752995 0.752995
4390.898926 0.000000 2339.994385 0.000000 0.615587 0.000000 0.788069 0.372173 0.372173 0.372173
4396.095703 0.000000 2358.705566 0.000000 0.597013 0.000000 -0.802231 1.238836 1.238836 1.238836
4381.861328 0.000000 2334.758057 0.000000 0.294512 0.000000 -0.955648 1.315659 1.315659 1.315659
4385.516113 0.000000 2338.456055 0.000000 0.800348 0.000000 0.599536 0.527778 0.527778 0.527778
4380.176270 0.000000 2329.738525 0.000000 0.544628 0.000000 0.838678 0.704626 0.704626 0.704626
4391.944824 0.000000 2326.118896 0.000000 0.999585 0.000000 -0.028792 0.814205 0.814205 0.814205
4406.994141 0.000000 2335.843018 0.000000 0.654067 0.000000 -0.756437 1.202632 1.202632 1.202632
4391.777344 0.000000 2349.550537 0.000000 0.803762 0.000000 -0.594950 0.864905 0.864905 0.864905
4415.088379 0.000000 2347.147217 0.000000 0.887418 0.000000 0.460966 0.558875 0.558875 0.558875
4390.440430 0.000000 2321.286377 0.000000 0.396987 0.000000 0.917824 0.310075 0.310075 0.310075
4410.090332 0.000000 2338.631104 0.000000 0.971428 0.000000 -0.237336 0.922039 0.922039 0.922039
4392.645996 0.000000 2323.379639 0.000000 0.036894 0.000000 -0.999319 1.501553 1.501553 1.501553
4415.448242 0.000000 2325.306885 0.000000 0.955583 0.000000 0.294723 0.681096 0.681096 0.681096
4409.884766 0.000000 2345.323486 0.000000 0.903955 0.000000 -0.427628 1.025041 1.025041 1.025041
4406.059082 0.000000 2345.197510 0.000000 0.694313 0.000000 0.719673 0.390867 0.390867 0.390867
4387.620605 0.000000 2322.795166 0.000000 0.224743 0.000000 -0.974418 0.955702 0.955702 0.955702
4386.286133 0.000000 2317.434814 0.000000 0.902992 0.000000 -0.429656 0.848785 0.848785 0.848785
4396.826660 0.000000 2326.707520 0.000000 0.533068 0.000000 -0.846072 1.275389 1.275389 1.275389
4400.088379 0.000000 2345.454102 0.000000 0.998423 0.000000 0.056133 0.771397 0.771397 0.771397
4413.960449 0.000000 2330.493896 0.000000 0.774058 0.000000 0.633114 0.522043 0.522043 0.522043
4405.142578 0.000000 2321.846924 0.000000 0.698732 0.000000 -0.715383 0.900305 0.900305 0.900305
4401.293945 0.000000 2360.376953 0.000000 0.244906 0.000000 0.969547 0.126011 0.126011 0.126011
4401.931152 0.000000 2326.987305 0.000000 0.713466 0.000000 0.700690 0.420107 0.420107 0.420107
4394.846680 0.000000 2348.391113 0.000000 0.598000 0.000000 0.801496 0.415597 0.415597 0.415597
4397.073242 0.000000 2310.858154 0.000000 0.999338 0.000000 -0.036372 0.805086 0.805086 0.805086
4390.265625 0.000000 2334.512451 0.000000 0.987683 0.000000 0.156466 0.781486 0.781486 0.781486
4388.859863 0.000000 2329.976318 0.000000 0.418390 0.000000 0.908267 0.390482 0.390482 0.390482
4368.729980 0.000000 2342.406738 0.000000 0.303750 0.000000 -0.952752 0.941168 0.941168 0.941168
4406.612793 0.000000 2349.465332 0.000000 0.380537 0.000000 0.924766 0.198817 0.198817 0.198817
4411.266602 0.000000 2366.603027 0.000000 0.965690 0.000000 -0.259696 0.903888 0.903888 0.903888
4411.194824 0.000000 2349.627441 0.000000 0.923236 0.000000 -0.384234 1.000855 1.000855 1.000855
4397.368652 0.000000 2363.944336 0.000000 0.997044 0.000000 -0.076832 0.835790 0.835790 0.835790
4402.565430 0.000000 2333.977051 0.000000 0.994892 0.000000 0.100941 0.755774 0.755774 0.755774
4408.611328 0.000000 2340.698975 0.000000 0.852427 0.000000 -0.522847 1.080208 1.080208 1.080208
4397.539062 0.000000 2344.324463 0.000000 0.320728 0.000000 0.947171 0.166284 0.166284 0.166284
4380.984375 0.000000 2345.360107 0.000000 0.042726 0.000000 -0.999087 1.056359 1.056359 1.056359
4414.349609 0.000000 2322.030029 0.000000 0.980666 0.000000 -0.195691 0.885363 0.885363 0.885363
4399.987793 0.000000 2334.013672 0.000000 0.284201 0.000000 -0.958765 1.414809 1.414809 1.414809
4393.113770 0.000000 2344.501709 0.000000 0.964200 0.000000 0.265175 0.663313 0.663313 0.663313
4395.115234 0.000000 2346.035645 0.000000 0.434509 0.000000 0.900668 0.228925 0.228925 0.228925
4396.109863 0.000000 2331.845947 0.000000 0.708941 0.000000 -0.705268 0.925075 0.925075 0.925075
4405.457031 0.000000 2340.442139 0.000000 0.583458 0.000000 0.812143 0.654238 0.654238 0.654238
4382.467285 0.000000 2336.987061 0.000000 0.892685 0.000000 0.450681 0.644995 0.644995 0.644995
4414.575684 0.000000 2357.268311 0.000000 0.456500 0.000000 -0.889723 1.209614 1.209614 1.209614
4384.773438 0.000000 2315.516602 0.000000 0.057977 0.000000 -0.998318 1.026605 1.026605 1.026605
4383.278809 0.000000 2345.659180 0.000000 0.020498 0.000000 0.999790 0.493465 0.493465 0.493465
4402.127441 0.000000 2338.260254 0.000000 0.006643 0.000000 -0.999978 1.299838 1.299838 1.299838
4397.057129 0.000000 2342.127197 0.000000 0.670828 0.000000 0.741613 0.374498 0.374498 0.374498
4390.958008 0.000000 2345.222412 0.000000 0.541790 0.000000 0.840514 0.343441 0.343441 0.343441
4411.554688 0.000000 2332.147217 0.000000 0.068240 0.000000 -0.997669 1.262132 1.262132 1.262132
4398.731445 0.000000 2353.900391 0.000000 0.604343 0.000000 0.796724 0.457543 0.457543 0.457543
4399.277344 0.000000 2349.412842 0.000000 0.999833 0.000000 -0.018264 0.809302 0.809302 0.809302
4414.555176 0.000000 2352.443848 0.000000 0.401807 0.000000 -0.915725 1.003405 1.003405 1.003405
4401.944336 0.000000 2329.619385 0.000000 0.478808 0.000000 0.877920 0.464013 0.464013 0.464013
4399.162598 0.000000 2356.668701 0.000000 0.597879 0.000000 -0.801586 1.138032 1.138032 1.138032
4375.556641 0.000000 2357.732178 0.000000 0.333167 0.000000 0.942868 0.576243 0.576243 0.576243
4407.194824 0.000000 2333.564697 0.000000 0.321922 0.000000 0.946766 0.266232 0.266232 0.266232
4413.345703 0.000000 2348.910156 0.000000 0.711715 0.000000 -0.702468 1.125113 1.125113 1.125113
4388.975586 0.000000 2338.933105 0.000000 0.480834 0.000000 -0.876812 1.282607 1.282607 1.282607
4412.267090 0.000000 2345.114014 0.000000 0.824568 0.000000 -0.565763 1.106270 1.106270 1.106270
4379.233887 0.000000 2342.899658 0.000000 0.961649 0.000000 0.274282 0.759491 0.759491 0.759491
4401.656738 0.000000 2324.267090 0.000000 0.327477 0.000000 0.944859 0.429363 0.429363 0.429363
4402.746582 0.000000 2355.782959 0.000000 0.250910 0.000000 0.968010 0.355409 0.355409 0.355409
4394.913574 0.000000 2338.614258 0.000000 0.775532 0.000000 0.631308 0.588489 0.588489 0.588489
4389.540527 0.000000 2341.600342 0.000000 0.049476 0.000000 0.998775 0.326010 0.326010 0.326010
4409.147949 0.000000 2348.967041 0.000000 0.987067 0.000000 0.160311 0.718001 0.718001 0.718001
4411.791016 0.000000 2334.751709 0.000000 0.376488 0.000000 0.926421 0.260480 0.260480 0.260480
4413.954102 0.000000 2341.458740 0.000000 0.986739 0.000000 0.162317 0.728362 0.728362 0.728362
4387.013672 0.000000 2331.097168 0.000000 0.347686 0.000000 0.937611 0.428511 0.428511 0.428511
4357.471680 0.000000 2305.670410 0.000000 0.998526 0.000000 -0.054277 0.827657 0.827657 0.827657
4382.285156 0.000000 2303.510010 0.000000 0.957404 0.000000 0.288750 0.688844 0.688844 0.688844
4383.698730 0.000000 2333.787842 0.000000 0.195410 0.000000 -0.980722 1.461411 1.461411 1.461411
4386.387695 0.000000 2336.608398 0.000000 0.691125 0.000000 0.722736 0.556396 0.556396 0.556396
4398.776855 0.000000 2341.049561 0.000000 0.907355 0.000000 0.420365 0.586842 0.586842 0.586842
4412.863281 0.000000 2358.966309 0.000000 0.100267 0.000000 0.994961 0.162745 0.162745 0.162745
4408.655273 0.000000 2337.182617 0.000000 0.850161 0.000000 -0.526523 1.075762 1.075762 1.075762
4401.092773 0.000000 2340.976074 0.000000 0.784474 0.000000 0.620161 0.478012 0.478012 0.478012
4388.217285 0.000000 2325.085938 0.000000 0.659939 0.000000 -0.751319 1.032595 1.032595 1.032595
4398.176758 0.000000 2338.487793 0.000000 0.949516 0.000000 -0.313720 0.898787 0.898787 0.898787
4412.368164 0.000000 2328.853760 0.000000 0.992719 0.000000 0.120457 0.761654 0.761654 0.761654
4411.111816 0.000000 2336.902832 0.000000 0.996821 0.000000 -0.079676 0.840622 0.840622 0.840622
4389.837402 0.000000 2319.129883 0.000000 0.196621 0.000000 -0.980479 1.079682 1.079682 1.079682
4407.970215 0.000000 2325.626221 0.000000 0.326543 0.000000 0.945182 0.275748 0.275748 0.275748
4402.717285 0.000000 2347.050049 0.000000 0.989639 0.000000 0.143577 0.760866 0.760866 0.760866
4397.851562 0.000000 2367.094971 0.000000 0.925048 0.000000 0.379851 0.705839 0.705839 0.705839
4394.762695 0.000000 2353.233887 0.000000 0.998396 0.000000 -0.056623 0.812899 0.812899 0.812899
4405.827148 0.000000 2328.971924 0.000000 0.260637 0.000000 0.965437 0.554602 0.554602 0.554602
4400.573242 0.000000 2314.075439 0.000000 0.255616 0.000000 0.966778 0.131645 0.131645 0.131645
4398.059082 0.000000 2360.607666 0.000000 0.661887 0.000000 0.749604 0.519031 0.519031 0.519031
4400.724121 0.000000 2357.937256 0.000000 0.113467 0.000000 0.993542 0.075374 0.075374 0.075374
4358.767578 0.000000 2309.985840 0.000000 0.996852 0.000000 -0.079289 0.817755 0.817755 0.817755
4403.894531 0.000000 2335.393799 0.000000 0.712345 0.000000 -0.701829 1.127847 1.127847 1.127847
4382.506836 0.000000 2341.158691 0.000000 0.992620 0.000000 0.121263 0.746829 0.746829 0.746829
4398.659668 0.000000 2327.211182 0.000000 0.795138 0.000000 0.606428 0.530626 0.530626 0.530626
4405.481934 0.000000 2331.732910 0.000000 0.481983 0.000000 0.876180 0.388368 0.388368 0.388368
4383.446777 0.000000 2343.343994 0.000000 0.617211 0.000000 0.786798 0.449111 0.449111 0.449111
4401.084473 0.000000 2365.798828 0.000000 0.998629 0.000000 0.052338 0.778875 0.778875 0.778875
4405.583496 0.000000 2325.484375 0.000000 0.498721 0.000000 -0.866763 1.304763 1.304763 1.304763
4405.751465 0.000000 2362.510010 0.000000 0.388191 0.000000 -0.921579 1.059853 1.059853 1.059853
4387.099609 0.000000 2350.572510 0.000000 0.289059 0.000000 0.957311 0.414712 0.414712 0.414712
4399.192871 0.000000 2347.126709 0.000000 0.481098 0.000000 0.876667 0.255619 0.255619 0.255619
4372.911133 0.000000 2313.143066 0.000000 0.934702 0.000000 0.355432 0.707104 0.707104 0.707104
4401.103516 0.000000 2353.098145 0.000000 0.979791 0.000000 0.200024 0.708699 0.708699 0.708699
4393.167969 0.000000 2342.498779 0.000000 0.822272 0.000000 -0.569094 1.108330 1.108330 1.108330
4404.903809 0.000000 2323.723877 0.000000 0.727732 0.000000 -0.685862 1.046046 1.046046 1.046046
4406.416992 0.000000 2354.078857 0.000000 0.320842 0.000000 -0.947133 1.038552 1.038552 1.038552
4389.686523 0.000000 2343.759277 0.000000 0.552071 0.000000 -0.833797 1.040240 1.040240 1.040240
4409.953613 0.000000 2347.172607 0.000000 0.023378 0.000000 0.999727 0.011907 0.011907 0.011907
4404.184570 0.000000 2352.164795 0.000000 0.984993 0.000000 -0.172595 0.860975 0.860975 0.860975
4401.648926 0.000000 2344.422119 0.000000 0.980254 0.000000 -0.197741 0.901377 0.901377 0.901377
4397.671875 0.000000 2357.766113 0.000000 0.907454 0.000000 -0.420151 0.985330 0.985330 0.985330
4359.435547 0.000000 2306.650391 0.000000 0.825111 0.000000 -0.564970 0.929507 0.929507 0.929507
4391.928711 0.000000 2354.702148 0.000000 0.383390 0.000000 -0.923586 1.220903 1.220903 1.220903
4406.873047 0.000000 2341.737061 0.000000 0.709183 0.000000 0.705025 0.409311 0.409311 0.409311
4384.035156 0.000000 2339.553955 0.000000 0.993819 0.000000 0.111010 0.752900 0.752900 0.752900
4407.227051 0.000000 2366.166504 0.000000 0.948008 0.000000 0.318247 0.658336 0.658336 0.658336
4380.709961 0.000000 2336.585205 0.000000 0.370537 0.000000 -0.928818 1.382887 1.382887 1.382887
4403.790527 0.000000 2359.419678 0.000000 0.479420 0.000000 -0.877586 1.204205 1.204205 1.204205
4399.925293 0.000000 2363.837402 0.000000 0.606020 0.000000 -0.795450 1.117794 1.117794 1.117794
4395.616699 0.000000 2354.810547 0.000000 0.997926 0.000000 -0.064378 0.813896 0.813896 0.813896
4392.266113 0.000000 2321.530273 0.000000 0.420351 0.000000 -0.907362 1.131535 1.131535 1.131535
4414.076660 0.000000 2345.638916 0.000000 0.633508 0.000000 -0.773736 1.146330 1.146330 1.146330
4409.013672 0.000000 2330.722656 0.000000 0.933583 0.000000 -0.358361 0.909070 0.909070 0.909070
4402.151367 0.000000 2362.053467 0.000000 0.749936 0.000000 0.661511 0.587781 0.587781 0.587781
4397.807129 0.000000 2351.400635 0.000000 0.274387 0.000000 0.961619 0.162217 0.162217 0.162217
4407.428223 0.000000 2313.426758 0.000000 0.334051 0.000000 -0.942555 1.217690 1.217690 1.217690
4408.620605 0.000000 2323.359619 0.000000 0.632132 0.000000 0.774860 0.607011 0.607011 0.607011
4413.725586 0.000000 2325.913818 0.000000 0.522776 0.000000 0.852470 0.382094 0.382094 0.382094
4408.142090 0.000000 2344.940186 0.000000 0.737609 0.000000 -0.675228 1.177528 1.177528 1.177528
4395.826172 0.000000 2351.395508 0.000000 0.469324 0.000000 0.883026 0.499544 0.499544 0.499544
4392.657227 0.000000 2327.722656 0.000000 0.982169 0.000000 -0.187998 0.858925 0.858925 0.858925
4411.063965 0.000000 2340.203125 0.000000 0.995362 0.000000 0.096197 0.750931 0.750931 0.750931
4410.475098 0.000000 2352.288818 0.000000 0.977975 0.000000 -0.208721 0.890290 0.890290 0.890290
4404.443848 0.000000 2326.774902 0.000000 0.113013 0.000000 -0.993594 1.213370 1.213370 1.213370
4387.495117 0.000000 2338.049805 0.000000 0.228028 0.000000 0.973655 0.122520 0.122520 0.122520
4390.775391 0.000000 2327.421875 0.000000 0.899645 0.000000 0.436622 0.577099 0.577099 0.577099
4409.871094 0.000000 2343.549316 0.000000 0.589747 0.000000 0.807588 0.321236 0.321236 0.321236
4395.393555 0.000000 2341.687988 0.000000 0.888373 0.000000 0.459123 0.557062 0.557062 0.557062
4400.356445 0.000000 2337.508301 0.000000 0.206381 0.000000 0.978472 0.239252 0.239252 0.239252
4359.969238 0.000000 2308.696045 0.000000 0.479845 0.000000 0.877353 0.560580 0.560580 0.560580
4393.171875 0.000000 2329.364014 0.000000 0.912427 0.000000 -0.409239 0.901049 0.901049 0.901049
4405.495605 0.000000 2338.659424 0.000000 0.907654 0.000000 -0.419718 0.905539 0.905539 0.905539
4397.779785 0.000000 2348.385742 0.000000 0.720764 0.000000 -0.693181 1.190066 1.190066 1.190066
4397.197266 0.000000 2335.520020 0.000000 0.353719 0.000000 -0.935352 1.406207 1.406207 1.406207
4374.894043 0.000000 2325.133789 0.000000 0.112215 0.000000 0.993684 0.287371 0.287371 0.287371
4385.747559 0.000000 2340.327393 0.000000 0.111500 0.000000 0.993764 0.220094 0.220094 0.220094
4412.187500 0.000000 2353.446777 0.000000 0.967390 0.000000 0.253293 0.712029 0.712029 0.712029
4384.119141 0.000000 2337.483398 0.000000 0.961408 0.000000 0.275127 0.732086 0.732086 0.732086
4411.989258 0.000000 2343.456299 0.000000 0.567662 0.000000 -0.823261 1.292557 1.292557 1.292557
4414.508789 0.000000 2323.773438 0.000000 0.959848 0.000000 0.280519 0.676769 0.676769 0.676769
4395.155762 0.000000 2329.583984 0.000000 0.235082 0.000000 0.971976 0.480404 0.480404 0.480404
4357.195801 0.000000 2303.983643 0.000000 0.977042 0.000000 0.213047 0.716386 0.716386 0.716386
4399.671875 0.000000 2367.275391 0.000000 0.136862 0.000000 0.990590 0.184445 0.184445 0.184445
4388.652344 0.000000 2321.455322 0.000000 0.978365 0.000000 0.206888 0.729660 0.729660 0.729660
4380.684082 0.000000 2331.416504 0.000000 0.938829 0.000000 0.344383 0.696778 0.696778 0.696778
4412.772949 0.000000 2365.889404 0.000000 0.301426 0.000000 -0.953490 1.416277 1.416277 1.416277
4395.566895 0.000000 2323.779053 0.000000 0.994257 0.000000 -0.107023 0.832124 0.832124 0.832124
4414.840820 0.000000 2332.278076 0.000000 0.769222 0.000000 0.638981 0.574338 0.574338 0.574338
4391.955078 0.000000 2341.267822 0.000000 0.430445 0.000000 0.902617 0.343552 0.343552 0.343552
4410.361328 0.000000 2333.796631 0.000000 0.997050 0.000000 -0.076756 0.823632 0.823632 0.823632
4392.628418 0.000000 2339.645752 0.000000 0.758601 0.000000 0.651555 0.503783 0.503783 0.503783
4381.536133 0.000000 2333.114258 0.000000 0.369268 0.000000 0.929323 0.218827 0.218827 0.218827
4398.555664 0.000000 2329.486572 0.000000 0.890167 0.000000 -0.455635 0.987083 0.987083 0.987083
4387.088379 0.000000 2333.030762 0.000000 0.836546 0.000000 -0.547897 1.077943 1.077943 1.077943
4390.528320 0.000000 2338.421143 0.000000 0.497996 0.000000 -0.867180 1.294685 1.294685 1.294685
4411.545410 0.000000 2362.594727 0.000000 0.281366 0.000000 -0.959601 1.246764 1.246764 1.246764
4391.058105 0.000000 2322.787842 0.000000 0.921134 0.000000 -0.389245 0.994839 0.994839 0.994839
4412.350098 0.000000 2330.673340 0.000000 0.784640 0.000000 0.619952 0.528890 0.528890 0.528890
4385.370117 0.000000 2334.248291 0.000000 0.926745 0.000000 -0.375690 0.944613 0.944613 0.944613
4406.524902 0.000000 2343.573242 0.000000 0.907287 0.000000 0.420512 0.578961 0.578961 0.578961
4351.535645 0.000000 2318.439697 0.000000 0.314681 0.000000 0.949197 0.462784 0.462784 0.462784
4390.334473 0.000000 2325.826416 0.000000 0.869076 0.000000 -0.494679 1.040806 1.040806 1.040806
4411.200684 0.000000 2325.191406 0.000000 0.862243 0.000000 0.506495 0.532688 0.532688 0.532688
4407.440430 0.000000 2350.858643 0.000000 0.148382 0.000000 0.988930 0.075851 0.075851 0.075851
4404.988281 0.000000 2367.068848 0.000000 0.844376 0.000000 0.535752 0.635132 0.635132 0.635132
4411.116211 0.000000 2360.641602 0.000000 0.535038 0.000000 0.844828 0.345806 0.345806 0.345806
4378.237305 0.000000 2332.809814 0.000000 0.780159 0.000000 0.625581 0.578619 0.578619 0.578619
4402.858887 0.000000 2336.702637 0.000000 0.603100 0.000000 -0.797666 1.154102 1.154102 1.154102
4421.038574 0.000000 2367.375244 0.000000 0.096883 0.000000 -0.995296 0.844152 0.844152 0.844152
4418.223145 0.000000 2332.979736 0.000000 0.920785 0.000000 0.390070 0.788796 0.788796 0.788796
4453.444824 0.000000 2360.862305 0.000000 0.120930 0.000000 -0.992661 1.520889 1.520889 1.520889
4429.444336 0.000000 2353.096924 0.000000 0.262437 0.000000 0.964949 0.763503 0.763503 0.763503
4456.819824 0.000000 2346.961182 0.000000 0.669673 0.000000 0.742656 0.373705 0.373705 0.373705
4446.187500 0.000000 2347.631592 0.000000 0.038273 0.000000 -0.999267 1.580503 1.580503 1.580503
4435.009277 0.000000 2337.564697 0.000000 0.508470 0.000000 0.861079 0.271662 0.271662 0.271662
4434.410156 0.000000 2333.280273 0.000000 0.150425 0.000000 0.988621 0.076903 0.076903 0.076903
4459.262695 0.000000 2343.516113 0.000000 0.662338 0.000000 -0.749205 1.231303 1.231303 1.231303
4427.244141 0.000000 2336.604980 0.000000 0.596506 0.000000 -0.802609 1.255881 1.255881 1.255881
4432.069336 0.000000 2326.457764 0.000000 0.054626 0.000000 -0.998507 0.899927 0.899927 0.899927
4423.043945 0.000000 2350.085938 0.000000 0.211998 0.000000 0.977270 0.195534 0.195534 0.195534
4423.462891 0.000000 2329.559326 0.000000 0.680158 0.000000 0.733065 0.387516 0.387516 0.387516
4451.612793 0.000000 2352.411865 0.000000 0.262269 0.000000 -0.964995 1.417916 1.417916 1.417916
4460.848145 0.000000 2349.831543 0.000000 0.997454 0.000000 -0.071311 0.805417 0.805417 0.805417
4420.869629 0.000000 2353.730713 0.000000 0.072260 0.000000 0.997386 0.060776 0.060776 0.060776
4450.212402 0.000000 2347.466309 0.000000 0.160295 0.000000 0.987069 0.222777 0.222777 0.222777
4439.979980 0.000000 2328.751465 0.000000 0.847090 0.000000 -0.531449 0.842525 0.842525 0.842525
4415.532227 0.000000 2322.014893 0.000000 0.145702 0.000000 -0.989329 1.417411 1.417411 1.417411
4421.516602 0.000000 2324.877930 0.000000 0.319479 0.000000 -0.947593 1.434387 1.434387 1.434387
4415.510742 0.000000 2331.421143 0.000000 0.764284 0.000000 0.644880 0.514441 0.514441 0.514441
4424.068359 0.000000 2326.745850 0.000000 0.930517 0.000000 0.366249 0.635988 0.635988 0.635988
4428.630371 0.000000 2339.040527 0.000000 0.983738 0.000000 -0.179608 0.891972 0.891972 0.891972
4420.145508 0.000000 2347.958496 0.000000 0.925975 0.000000 0.377585 0.642246 0.642246 0.642246
4417.095215 0.000000 2357.157227 0.000000 0.559523 0.000000 -0.828815 1.235134 1.235134 1.235134
4425.978027 0.000000 2331.274170 0.000000 0.111942 0.000000 -0.993715 1.542869 1.542869 1.542869
4418.069824 0.000000 2326.738281 0.000000 0.554086 0.000000 0.832460 0.299091 0.299091 0.299091
4428.640137 0.000000 2330.503418 0.000000 0.954140 0.000000 0.299360 0.765389 0.765389 0.765389
4429.749023 0.000000 2350.479248 0.000000 0.627100 0.000000 0.778939 0.684074 0.684074 0.684074
4444.637207 0.000000 2349.740967 0.000000 0.632828 0.000000 0.774292 0.348970 0.348970 0.348970
4451.438965 0.000000 2362.634521 0.000000 0.856526 0.000000 -0.516103 0.870401 0.870401 0.870401
4449.011230 0.000000 2353.017822 0.000000 0.972412 0.000000 -0.233272 0.902981 0.902981 0.902981
4426.344238 0.000000 2360.509521 0.000000 0.605234 0.000000 0.796048 0.395435 0.395435 0.395435
4415.669922 0.000000 2344.711182 0.000000 0.098777 0.000000 0.995110 0.223828 0.223828 0.223828
4418.233398 0.000000 2321.575195 0.000000 0.585569 0.000000 0.810623 0.669740 0.669740 0.669740
4418.427734 0.000000 2354.674316 0.000000 0.506385 0.000000 -0.862308 1.217426 1.217426 1.217426
4443.637695 0.000000 2347.438721 0.000000 0.129342 0.000000 -0.991600 1.476378 1.476378 1.476378
4437.505371 0.000000 2337.170410 0.000000 0.497233 0.000000 -0.867617 1.334959 1.334959 1.334959
4429.029785 0.000000 2342.388672 0.000000 0.218956 0.000000 -0.975735 1.482183 1.482183 1.482183
4433.650391 0.000000 2339.639160 0.000000 0.241599 0.000000 0.970376 0.124275 0.124275 0.124275
4425.717285 0.000000 2355.231689 0.000000 0.140748 0.000000 -0.990046 0.968458 0.968458 0.968458
4432.722168 0.000000 2342.406738 0.000000 0.421203 0.000000 -0.906967 1.330926 1.330926 1.330926
4433.310059 0.000000 2335.473633 0.000000 0.582495 0.000000 0.812835 0.316677 0.316677 0.316677
4434.773438 0.000000 2330.880859 0.000000 0.309703 0.000000 -0.950833 1.439632 1.439632 1.439632
4435.958984 0.000000 2335.147461 0.000000 0.755204 0.000000 0.655490 0.548727 0.548727 0.548727
4444.976562 0.000000 2345.360107 0.000000 0.101982 0.000000 0.994786 0.556543 0.556543 0.556543
4457.105957 0.000000 2344.501709 0.000000 0.023283 0.000000 -0.999729 1.510872 1.510872 1.510872
4425.053223 0.000000 2348.836670 0.000000 0.999709 0.000000 -0.024107 0.811701 0.811701 0.811701
4431.898438 0.000000 2346.344727 0.000000 0.860449 0.000000 0.509536 0.580030 0.580030 0.580030
4438.849121 0.000000 2341.731934 0.000000 0.549997 0.000000 0.835167 0.470318 0.470318 0.470318
4436.650391 0.000000 2332.838623 0.000000 0.989231 0.000000 0.146365 0.735163 0.735163 0.735163
4446.945801 0.000000 2349.930908 0.000000 0.147820 0.000000 0.989014 0.075561 0.075561 0.075561
4456.464844 0.000000 2356.750244 0.000000 0.992652 0.000000 -0.121005 0.823258 0.823258 0.823258
4447.270996 0.000000 2345.659180 0.000000 0.589084 0.000000 0.808072 0.613965 0.613965 0.613965
4461.049316 0.000000 2342.127197 0.000000 0.114366 0.000000 -0.993439 1.041392 1.041392 1.041392
4435.993652 0.000000 2343.706299 0.000000 0.126442 0.000000 0.991974 0.064569 0.064569 0.064569
4455.003418 0.000000 2359.292480 0.000000 0.363662 0.000000 0.931531 0.352342 0.352342 0.352342
4443.226074 0.000000 2342.899658 0.000000 0.926500 0.000000 -0.376295 0.937153 0.937153 0.937153
4439.748535 0.000000 2348.822998 0.000000 0.998372 0.000000 -0.057044 0.816985 0.816985 0.816985
4456.641113 0.000000 2353.021973 0.000000 0.885945 0.000000 0.463791 0.620844 0.620844 0.620844
4432.830078 0.000000 2337.702148 0.000000 0.666110 0.000000 -0.745853 1.228733 1.228733 1.228733
4437.272949 0.000000 2352.751953 0.000000 0.562963 0.000000 -0.826482 0.957381 0.957381 0.957381
4415.569336 0.000000 2347.431152 0.000000 0.993046 0.000000 -0.117731 0.859392 0.859392 0.859392
4430.665527 0.000000 2361.120117 0.000000 0.831082 0.000000 0.556149 0.620965 0.620965 0.620965
4421.761719 0.000000 2351.816895 0.000000 0.745690 0.000000 0.666293 0.561144 0.561144 0.561144
4436.619629 0.000000 2349.988281 0.000000 0.436671 0.000000 -0.899621 1.121799 1.121799 1.121799
4416.246582 0.000000 2325.456299 0.000000 0.604126 0.000000 -0.796889 1.203334 1.203334 1.203334
4432.766602 0.000000 2331.907227 0.000000 0.500568 0.000000 0.865697 0.267001 0.267001 0.267001
4429.965820 0.000000 2332.076172 0.000000 0.593054 0.000000 -0.805163 0.986932 0.986932 0.986932
4448.217773 0.000000 2348.266846 0.000000 0.550794 0.000000 0.834642 0.474581 0.474581 0.474581
4415.462402 0.000000 2361.826416 0.000000 0.572426 0.000000 0.819956 0.590718 0.590718 0.590718
4451.127930 0.000000 2357.150879 0.000000 0.476478 0.000000 -0.879187 1.171143 1.171143 1.171143
4419.492676 0.000000 2325.251709 0.000000 0.183424 0.000000 0.983034 0.282229 0.282229 0.282229
4424.704590 0.000000 2351.240234 0.000000 0.992528 0.000000 0.122015 0.752117 0.752117 0.752117
4441.551270 0.000000 2347.625488 0.000000 0.771763 0.000000 0.635911 0.559117 0.559117 0.559117
4417.477051 0.000000 2315.011475 0.000000 0.611851 0.000000 0.790973 0.579505 0.579505 0.579505
4422.181641 0.000000 2348.257324 0.000000 0.312607 0.000000 0.949882 0.269521 0.269521 0.269521
4422.954102 0.000000 2322.032715 0.000000 0.349276 0.000000 0.937020 0.438728 0.438728 0.438728
4430.585449 0.000000 2338.410889 0.000000 0.137268 0.000000 0.990534 0.070131 0.070131 0.070131
4422.954102 0.000000 2345.104736 0.000000 0.580519 0.000000 0.814246 0.634680 0.634680 0.634680
4439.703613 0.000000 2365.255371 0.000000 0.994183 0.000000 -0.107700 0.822845 0.822845 0.822845
4430.154297 0.000000 2326.030518 0.000000 0.691294 0.000000 -0.722574 0.998375 0.998375 0.998375
4444.101562 0.000000 2351.751709 0.000000 0.867216 0.000000 -0.497932 1.016525 1.016525 1.016525
4441.777344 0.000000 2338.414062 0.000000 0.984635 0.000000 -0.174622 0.885887 0.885887 0.885887
4419.534668 0.000000 2323.081543 0.000000 0.633606 0.000000 -0.773656 1.118013 1.118013 1.118013
4446.499023 0.000000 2341.158691 0.000000 0.991911 0.000000 -0.126937 0.827709 0.827709 0.827709
4454.004395 0.000000 2353.948486 0.000000 0.668662 0.000000 -0.743566 1.072937 1.072937 1.072937
4429.114258 0.000000 2337.037354 0.000000 0.322531 0.000000 -0.946559 1.097763 1.097763 1.097763
4433.427734 0.000000 2347.567139 0.000000 0.510129 0.000000 0.860098 0.436021 0.436021 0.436021
4436.675293 0.000000 2364.433350 0.000000 0.280755 0.000000 0.959780 0.412099 0.412099 0.412099
4427.975586 0.000000 2361.578125 0.000000 0.876209 0.000000 0.481931 0.579048 0.579048 0.579048
4435.642090 0.000000 2339.399902 0.000000 0.274134 0.000000 -0.961691 1.458574 1.458574 1.458574
4433.739258 0.000000 2343.991211 0.000000 0.309935 0.000000 0.950758 0.213157 0.213157 0.213157
4451.091797 0.000000 2350.572510 0.000000 0.627847 0.000000 0.778337 0.447251 0.447251 0.447251
4421.343750 0.000000 2329.589600 0.000000 0.875223 0.000000 0.483719 0.551933 0.551933 0.551933
4450.369141 0.000000 2361.067627 0.000000 0.757075 0.000000 -0.653328 1.003343 1.003343 1.003343
4427.160156 0.000000 2334.746826 0.000000 0.646520 0.000000 -0.762897 1.224626 1.224626 1.224626
4457.160156 0.000000 2342.498779 0.000000 0.998785 0.000000 0.049275 0.785921 0.785921 0.785921
4419.214355 0.000000 2352.776367 0.000000 0.987302 0.000000 -0.158853 0.866591 0.866591 0.866591
4435.528320 0.000000 2347.250000 0.000000 0.953467 0.000000 -0.301497 0.914996 0.914996 0.914996
4452.329590 0.000000 2347.558105 0.000000 0.984029 0.000000 0.178006 0.719222 0.719222 0.719222
4439.424316 0.000000 2338.970947 0.000000 0.997804 0.000000 0.066233 0.781467 0.781467 0.781467
4453.156738 0.000000 2351.132812 0.000000 0.959133 0.000000 -0.282954 0.877922 0.877922 0.877922
4436.870117 0.000000 2342.049072 0.000000 0.635853 0.000000 -0.771811 1.109924 1.109924 1.109924
4455.920898 0.000000 2354.702148 0.000000 0.753975 0.000000 0.656903 0.465046 0.465046 0.465046
4419.273438 0.000000 2346.213623 0.000000 0.992856 0.000000 0.119320 0.747924 0.747924 0.747924
4428.385742 0.000000 2326.518799 0.000000 0.594543 0.000000 0.804064 0.411951 0.411951 0.411951
4432.388672 0.000000 2328.232910 0.000000 0.351461 0.000000 0.936203 0.441842 0.441842 0.441842
4421.208496 0.000000 2349.767822 0.000000 0.286095 0.000000 -0.958201 1.316667 1.316667 1.316667
4417.283203 0.000000 2331.318359 0.000000 0.958377 0.000000 0.285506 0.734077 0.734077 0.734077
4449.130371 0.000000 2346.065430 0.000000 0.908358 0.000000 0.418193 0.594049 0.594049 0.594049
4459.818359 0.000000 2351.395508 0.000000 0.268514 0.000000 0.963276 0.460146 0.460146 0.460146
4419.233398 0.000000 2314.747314 0.000000 0.300084 0.000000 0.953913 0.529447 0.529447 0.529447
4422.116699 0.000000 2326.566406 0.000000 0.916926 0.000000 -0.399057 1.009060 1.009060 1.009060
4442.159180 0.000000 2341.506348 0.000000 0.757026 0.000000 -0.653384 1.034651 1.034651 1.034651
4424.754883 0.000000 2328.367920 0.000000 0.917351 0.000000 0.398079 0.595572 0.595572 0.595572
4429.442871 0.000000 2340.593018 0.000000 0.445606 0.000000 -0.895229 1.067994 1.067994 1.067994
4418.781738 0.000000 2357.625732 0.000000 0.994938 0.000000 -0.100495 0.827343 0.827343 0.827343
4421.845215 0.000000 2346.475830 0.000000 0.998633 0.000000 0.052269 0.778694 0.778694 0.778694
4451.932617 0.000000 2359.921143 0.000000 0.249116 0.000000 0.968474 0.399569 0.399569 0.399569
4419.164551 0.000000 2328.213135 0.000000 0.799493 0.000000 0.600675 0.549052 0.549052 0.549052
4450.552246 0.000000 2353.773438 0.000000 0.898366 0.000000 0.439248 0.584741 0.584741 0.584741
4433.367188 0.000000 2329.801514 0.000000 0.888129 0.000000 0.459595 0.658844 0.658844 0.658844
4447.924805 0.000000 2351.608643 0.000000 0.916864 0.000000 -0.399199 0.961570 0.961570 0.961570
4423.368652 0.000000 2325.208252 0.000000 0.741596 0.000000 0.670847 0.482767 0.482767 0.482767
4430.254883 0.000000 2348.395996 0.000000 0.995681 0.000000 0.092840 0.758219 0.758219 0.758219
4425.774902 0.000000 2353.493896 0.000000 0.873719 0.000000 0.486432 0.671146 0.671146 0.671146
4417.489746 0.000000 2328.435547 0.000000 0.898605 0.000000 -0.438760 0.966014 0.966014 0.966014
4426.214355 0.000000 2350.299316 0.000000 0.145543 0.000000 -0.989352 1.172765 1.172765 1.172765
4454.773926 0.000000 2357.618652 0.000000 0.898970 0.000000 0.438010 0.596259 0.596259 0.596259
4456.288574 0.000000 2351.373535 0.000000 0.796039 0.000000 0.605246 0.523451 0.523451 0.523451
4463.664062 0.000000 2367.275391 0.000000 0.979469 0.000000 -0.201596 0.865272 0.865272 0.865272
4416.006836 0.000000 2323.680176 0.000000 0.136715 0.000000 0.990610 0.310368 0.310368 0.310368
4425.144531 0.000000 2322.277344 0.000000 0.189962 0.000000 0.981792 0.180004 0.180004 0.180004
4422.429199 0.000000 2328.247070 0.000000 0.831791 0.000000 -0.555089 1.095004 1.095004 1.095004
4440.096191 0.000000 2335.429932 0.000000 0.427709 0.000000 0.903917 0.265669 0.265669 0.265669
4415.499512 0.000000 2356.713867 0.000000 0.960660 0.000000 0.277726 0.694892 0.694892 0.694892
4415.776855 0.000000 2358.357910 0.000000 0.882707 0.000000 0.469924 0.598726 0.598726 0.598726
4416.466797 0.000000 2329.863281 0.000000 0.981640 0.000000 -0.190743 0.870145 0.870145 0.870145
4457.739258 0.000000 2349.639648 0.000000 0.504115 0.000000 -0.863636 1.230974 1.230974 1.230974
4425.045410 0.000000 2325.346191 0.000000 0.770409 0.000000 0.637550 0.583227 0.583227 0.583227
4439.391602 0.000000 2333.464844 0.000000 0.691800 0.000000 -0.722089 1.152898 1.152898 1.152898
4422.623047 0.000000 2323.690918 0.000000 0.909506 0.000000 -0.415690 0.927577 0.927577 0.927577
4424.250000 0.000000 2331.030273 0.000000 0.767013 0.000000 -0.641631 1.154787 1.154787 1.154787
4417.551270 0.000000 2344.834229 0.000000 0.584363 0.000000 0.811492 0.518273 0.518273 0.518273
4438.180176 0.000000 2346.575928 0.000000 0.152987 0.000000 0.988228 0.293341 0.293341 0.293341
4452.827148 0.000000 2356.329102 0.000000 0.408379 0.000000 0.912813 0.430173 0.430173 0.430173
4425.804199 0.000000 2327.064453 0.000000 0.999214 0.000000 -0.039654 0.817349 0.817349 0.817349
4393.010254 0.000000 2383.833984 0.000000 0.202559 0.000000 0.979270 0.783621 0.783621 0.783621
4409.771973 0.000000 2399.410889 0.000000 0.411912 0.000000 -0.911224 1.383778 1.383778 1.383778
4391.703613 0.000000 2379.456787 0.000000 0.824495 0.000000 0.565870 0.774772 0.774772 0.774772
4382.545898 0.000000 2378.834229 0.000000 0.047064 0.000000 0.998892 0.742179 0.742179 0.742179
4413.250000 0.000000 2383.887939 0.000000 0.994244 0.000000 -0.107141 0.850812 0.850812 0.850812
4396.992188 0.000000 2372.347900 0.000000 0.870054 0.000000 -0.492957 1.036795 1.036795 1.036795
4409.826172 0.000000 2390.362549 0.000000 0.985316 0.000000 -0.170741 0.887386 0.887386 0.887386
4354.749512 0.000000 2373.293213 0.000000 0.999997 0.000000 0.002278 0.798994 0.798994 0.798994
4407.086426 0.000000 2394.580566 0.000000 0.129505 0.000000 -0.991579 1.533858 1.533858 1.533858
4414.127930 0.000000 2391.737549 0.000000 0.605137 0.000000 0.796121 0.351241 0.351241 0.351241
4392.137207 0.000000 2372.711182 0.000000 0.995388 0.000000 0.095929 0.751069 0.751069 0.751069
4386.666992 0.000000 2375.308105 0.000000 0.868844 0.000000 0.495086 0.764829 0.764829 0.764829
4396.855957 0.000000 2413.815918 0.000000 0.733429 0.000000 -0.679766 0.864191 0.864191 0.864191
4406.699219 0.000000 2391.203125 0.000000 0.501542 0.000000 0.865133 0.269662 0.269662 0.269662
4410.909180 0.000000 2406.042480 0.000000 0.222083 0.000000 -0.975028 0.921049 0.921049 0.921049
4409.191895 0.000000 2396.595215 0.000000 0.148669 0.000000 -0.988887 1.524002 1.524002 1.524002
4385.516113 0.000000 2402.440430 0.000000 0.834608 0.000000 -0.550844 0.868743 0.868743 0.868743
4398.938965 0.000000 2379.196777 0.000000 0.626755 0.000000 -0.779217 1.255013 1.255013 1.255013
4396.604492 0.000000 2377.283447 0.000000 0.011657 0.000000 -0.999932 1.594063 1.594063 1.594063
4395.708008 0.000000 2382.957031 0.000000 0.379734 0.000000 -0.925096 0.939200 0.939200 0.939200
4398.557617 0.000000 2382.056641 0.000000 0.959117 0.000000 -0.283009 0.942694 0.942694 0.942694
4409.884766 0.000000 2409.307861 0.000000 0.179262 0.000000 0.983801 0.647250 0.647250 0.647250
4399.856445 0.000000 2386.739502 0.000000 0.960618 0.000000 -0.277872 0.936658 0.936658 0.936658
4400.088379 0.000000 2409.438477 0.000000 0.406329 0.000000 -0.913727 0.970314 0.970314 0.970314
4398.565918 0.000000 2395.244385 0.000000 0.972265 0.000000 0.233880 0.764639 0.764639 0.764639
4413.960449 0.000000 2394.478271 0.000000 0.992592 0.000000 -0.121496 0.845246 0.845246 0.845246
4405.142578 0.000000 2385.831299 0.000000 0.238724 0.000000 0.971088 0.149325 0.149325 0.149325
4382.585938 0.000000 2388.884033 0.000000 0.593454 0.000000 -0.804868 0.910231 0.910231 0.910231
4402.241699 0.000000 2406.622070 0.000000 0.997958 0.000000 0.063872 0.790426 0.790426 0.790426
4405.190918 0.000000 2370.464844 0.000000 0.982554 0.000000 0.185979 0.730133 0.730133 0.730133
4401.931152 0.000000 2390.971680 0.000000 0.103740 0.000000 0.994604 0.633008 0.633008 0.633008
4397.073242 0.000000 2374.842529 0.000000 0.354554 0.000000 -0.935036 1.374385 1.374385 1.374385
4390.265625 0.000000 2398.496826 0.000000 0.866104 0.000000 -0.499864 0.878408 0.878408 0.878408
4402.565430 0.000000 2397.961426 0.000000 0.534661 0.000000 0.845067 0.645184 0.645184 0.645184
4397.539062 0.000000 2408.308838 0.000000 0.972592 0.000000 -0.232517 0.835151 0.835151 0.835151
4390.396973 0.000000 2411.605225 0.000000 0.488041 0.000000 -0.872820 0.958923 0.958923 0.958923
4393.113770 0.000000 2408.486084 0.000000 0.548502 0.000000 0.836149 0.651671 0.651671 0.651671
4395.115234 0.000000 2410.020020 0.000000 0.992748 0.000000 0.120216 0.781949 0.781949 0.781949
4410.858398 0.000000 2383.160400 0.000000 0.206722 0.000000 0.978400 0.127818 0.127818 0.127818
4409.891602 0.000000 2371.718994 0.000000 0.769698 0.000000 0.638409 0.495752 0.495752 0.495752
4408.177246 0.000000 2383.326660 0.000000 0.987856 0.000000 -0.155370 0.867300 0.867300 0.867300
4372.674316 0.000000 2373.289307 0.000000 0.354744 0.000000 0.934963 0.582832 0.582832 0.582832
4412.122559 0.000000 2390.640869 0.000000 0.178256 0.000000 -0.983984 1.253030 1.253030 1.253030
4396.109863 0.000000 2395.830322 0.000000 0.931203 0.000000 -0.364501 0.855887 0.855887 0.855887
4399.170898 0.000000 2371.326904 0.000000 0.443628 0.000000 -0.896211 1.217217 1.217217 1.217217
4405.457031 0.000000 2404.426514 0.000000 0.717624 0.000000 0.696431 0.684598 0.684598 0.684598
4408.372559 0.000000 2379.062256 0.000000 0.995161 0.000000 -0.098259 0.839706 0.839706 0.839706
4405.801758 0.000000 2376.444092 0.000000 0.759794 0.000000 0.650164 0.527166 0.527166 0.527166
4401.156738 0.000000 2368.081299 0.000000 0.818042 0.000000 -0.575159 0.998273 0.998273 0.998273
4390.958008 0.000000 2409.206787 0.000000 0.583126 0.000000 0.812382 0.657963 0.657963 0.657963
4394.660645 0.000000 2372.331787 0.000000 0.316533 0.000000 -0.948582 1.435970 1.435970 1.435970
4401.944336 0.000000 2393.603760 0.000000 0.960989 0.000000 0.276588 0.758022 0.758022 0.758022
4407.447754 0.000000 2385.837891 0.000000 0.716040 0.000000 0.698059 0.466662 0.466662 0.466662
4372.019043 0.000000 2381.088867 0.000000 0.465338 0.000000 0.885133 0.370229 0.370229 0.370229
4407.194824 0.000000 2397.549072 0.000000 0.993416 0.000000 0.114560 0.757578 0.757578 0.757578
4393.668945 0.000000 2399.809326 0.000000 0.790133 0.000000 -0.612936 0.898829 0.898829 0.898829
4391.001465 0.000000 2400.723389 0.000000 0.851207 0.000000 -0.524829 0.893798 0.893798 0.893798
4405.287598 0.000000 2372.730713 0.000000 0.366115 0.000000 0.930569 0.288834 0.288834 0.288834
4388.975586 0.000000 2402.917480 0.000000 0.524152 0.000000 0.851624 0.280989 0.280989 0.280989
4408.815430 0.000000 2367.492432 0.000000 0.482504 0.000000 0.875894 0.412045 0.412045 0.412045
4411.056641 0.000000 2367.538818 0.000000 0.924478 0.000000 0.381235 0.645326 0.645326 0.645326
4392.131836 0.000000 2375.031006 0.000000 0.475146 0.000000 0.879907 0.267206 0.267206 0.267206
4389.540527 0.000000 2405.584717 0.000000 0.756923 0.000000 -0.653504 0.953624 0.953624 0.953624
4408.995605 0.000000 2373.748047 0.000000 0.174998 0.000000 -0.984569 1.482554 1.482554 1.482554
4415.298340 0.000000 2382.782227 0.000000 0.777315 0.000000 0.629112 0.513263 0.513263 0.513263
4414.783691 0.000000 2401.686523 0.000000 0.999996 0.000000 0.002693 0.798957 0.798957 0.798957
4411.804199 0.000000 2370.180664 0.000000 0.196640 0.000000 0.980476 0.194031 0.194031 0.194031
4414.698730 0.000000 2399.017822 0.000000 0.595393 0.000000 -0.803434 1.258422 1.258422 1.258422
4414.754883 0.000000 2369.972168 0.000000 0.861276 0.000000 -0.508137 0.886230 0.886230 0.886230
4408.655273 0.000000 2401.166992 0.000000 0.999333 0.000000 0.036526 0.781393 0.781393 0.781393
4412.489258 0.000000 2381.951660 0.000000 0.844372 0.000000 -0.535757 0.986326 0.986326 0.986326
4400.696289 0.000000 2370.027832 0.000000 0.998590 0.000000 -0.053086 0.812623 0.812623 0.812623
4388.217285 0.000000 2389.070312 0.000000 0.105265 0.000000 -0.994444 1.080956 1.080956 1.080956
4388.945801 0.000000 2368.062744 0.000000 0.932876 0.000000 0.360198 0.664587 0.664587 0.664587
4406.337891 0.000000 2374.485840 0.000000 0.930471 0.000000 0.366365 0.674890 0.674890 0.674890
4411.111816 0.000000 2400.887207 0.000000 0.999853 0.000000 -0.017127 0.804652 0.804652 0.804652
4407.515137 0.000000 2369.982422 0.000000 0.424640 0.000000 -0.905362 1.320108 1.320108 1.320108
4359.459961 0.000000 2378.867920 0.000000 0.215231 0.000000 0.976563 0.367360 0.367360 0.367360
4397.333496 0.000000 2370.430664 0.000000 0.403976 0.000000 -0.914770 1.302858 1.302858 1.302858
4405.827148 0.000000 2392.956299 0.000000 0.154745 0.000000 0.987954 0.130014 0.130014 0.130014
4400.573242 0.000000 2378.059814 0.000000 0.404991 0.000000 0.914321 0.355238 0.355238 0.355238
4404.284180 0.000000 2378.349609 0.000000 0.867894 0.000000 -0.496749 0.953663 0.953663 0.953663
4409.913574 0.000000 2375.420410 0.000000 0.335421 0.000000 0.942068 0.267461 0.267461 0.267461
4390.502441 0.000000 2371.664551 0.000000 0.865499 0.000000 -0.500911 1.067203 1.067203 1.067203
4405.481934 0.000000 2395.717285 0.000000 0.944705 0.000000 0.327920 0.687230 0.687230 0.687230
4398.649902 0.000000 2373.305420 0.000000 0.445347 0.000000 0.895358 0.441104 0.441104 0.441104
4390.617188 0.000000 2373.868652 0.000000 0.863526 0.000000 0.504305 0.530798 0.530798 0.530798
4404.903809 0.000000 2387.708252 0.000000 0.163407 0.000000 -0.986559 1.204557 1.204557 1.204557
4402.578125 0.000000 2382.212158 0.000000 0.619144 0.000000 -0.785278 1.047120 1.047120 1.047120
4402.636230 0.000000 2379.533936 0.000000 0.832435 0.000000 0.554123 0.621705 0.621705 0.621705
4412.815430 0.000000 2374.445557 0.000000 0.996256 0.000000 0.086458 0.757123 0.757123 0.757123
4393.550781 0.000000 2373.821777 0.000000 0.793288 0.000000 -0.608847 1.133388 1.133388 1.133388
4393.937500 0.000000 2368.024414 0.000000 0.503050 0.000000 0.864257 0.364347 0.364347 0.364347
4409.013672 0.000000 2394.707031 0.000000 0.867416 0.000000 0.497584 0.629410 0.629410 0.629410
4389.033203 0.000000 2375.067871 0.000000 0.207293 0.000000 0.978279 0.411009 0.411009 0.411009
4407.428223 0.000000 2377.411133 0.000000 0.967708 0.000000 0.252075 0.693122 0.693122 0.693122
4408.620605 0.000000 2387.343994 0.000000 0.480898 0.000000 -0.876777 1.030611 1.030611 1.030611
4413.725586 0.000000 2389.898193 0.000000 0.999789 0.000000 -0.020535 0.807178 0.807178 0.807178
4397.187988 0.000000 2368.651855 0.000000 0.245326 0.000000 0.969441 0.348179 0.348179 0.348179
4395.584473 0.000000 2373.819336 0.000000 0.034224 0.000000 -0.999414 1.582566 1.582566 1.582566
4388.189941 0.000000 2371.522949 0.000000 0.294586 0.000000 -0.955625 1.419769 1.419769 1.419769
4413.785156 0.000000 2375.939209 0.000000 0.671475 0.000000 0.741027 0.386611 0.386611 0.386611
4393.216797 0.000000 2371.237061 0.000000 0.519501 0.000000 -0.854470 1.319743 1.319743 1.319743
4404.443848 0.000000 2390.759277 0.000000 0.742421 0.000000 -0.669934 0.961283 0.961283 0.961283
4387.495117 0.000000 2402.034180 0.000000 0.776757 0.000000 0.629801 0.538743 0.538743 0.538743
4396.931152 0.000000 2386.229980 0.000000 0.914358 0.000000 0.404906 0.670947 0.670947 0.670947
4415.055176 0.000000 2372.262207 0.000000 0.715320 0.000000 0.698797 0.626927 0.626927 0.626927
4373.525391 0.000000 2371.768799 0.000000 0.858030 0.000000 -0.513599 0.965898 0.965898 0.965898
4411.645020 0.000000 2372.133301 0.000000 0.986070 0.000000 -0.166332 0.864415 0.864415 0.864415
4404.082031 0.000000 2376.423340 0.000000 0.597587 0.000000 -0.801804 1.158603 1.158603 1.158603
4404.875977 0.000000 2368.751953 0.000000 0.662142 0.000000 -0.749379 1.080857 1.080857 1.080857
4400.042480 0.000000 2385.064209 0.000000 0.586374 0.000000 0.810040 0.432262 0.432262 0.432262
4396.165527 0.000000 2384.608154 0.000000 0.913195 0.000000 0.407524 0.661677 0.661677 0.661677
4385.747559 0.000000 2404.311768 0.000000 0.358732 0.000000 -0.933441 1.102961 1.102961 1.102961
4409.133301 0.000000 2376.922363 0.000000 0.092046 0.000000 -0.995755 1.458554 1.458554 1.458554
4399.959473 0.000000 2374.757080 0.000000 0.998309 0.000000 0.058130 0.781298 0.781298 0.781298
4397.919922 0.000000 2380.517090 0.000000 0.560814 0.000000 -0.827941 1.211062 1.211062 1.211062
4414.840820 0.000000 2396.262451 0.000000 0.829783 0.000000 -0.558086 1.036504 1.036504 1.036504
4391.269043 0.000000 2369.151855 0.000000 0.110450 0.000000 0.993882 0.056366 0.056366 0.056366
4414.887207 0.000000 2378.817383 0.000000 0.999951 0.000000 0.009882 0.795224 0.795224 0.795224
4410.361328 0.000000 2397.781006 0.000000 0.984197 0.000000 -0.177076 0.853686 0.853686 0.853686
4398.106934 0.000000 2389.569336 0.000000 0.814265 0.000000 -0.580494 0.974411 0.974411 0.974411
4384.014160 0.000000 2389.644775 0.000000 0.739412 0.000000 -0.673253 1.025699 1.025699 1.025699
4398.296387 0.000000 2377.691895 0.000000 0.992339 0.000000 0.123542 0.750525 0.750525 0.750525
4406.810547 0.000000 2384.291992 0.000000 0.760276 0.000000 0.649600 0.494973 0.494973 0.494973
4390.528320 0.000000 2402.405518 0.000000 0.034574 0.000000 -0.999402 1.287842 1.287842 1.287842
4399.479004 0.000000 2383.395752 0.000000 0.916228 0.000000 -0.400656 1.005009 1.005009 1.005009
4412.350098 0.000000 2394.657715 0.000000 0.971167 0.000000 0.238401 0.710576 0.710576 0.710576
4397.344238 0.000000 2383.212646 0.000000 0.968621 0.000000 0.248542 0.719233 0.719233 0.719233
4394.461914 0.000000 2379.677734 0.000000 0.541202 0.000000 -0.840893 1.129192 1.129192 1.129192
4390.334473 0.000000 2389.810791 0.000000 0.481533 0.000000 0.876428 0.366831 0.366831 0.366831
4387.794434 0.000000 2382.324219 0.000000 0.645676 0.000000 0.763611 0.570930 0.570930 0.570930
4396.790527 0.000000 2381.672363 0.000000 0.392992 0.000000 0.919542 0.308242 0.308242 0.308242
4411.200684 0.000000 2389.175781 0.000000 0.495882 0.000000 0.868390 0.402914 0.402914 0.402914
4431.666504 0.000000 2394.009521 0.000000 0.070685 0.000000 0.997499 0.782024 0.782024 0.782024
4436.963379 0.000000 2393.686035 0.000000 0.944367 0.000000 0.328894 0.789960 0.789960 0.789960
4418.223145 0.000000 2396.964111 0.000000 0.997895 0.000000 -0.064848 0.802074 0.802074 0.802074
4415.581543 0.000000 2379.909424 0.000000 0.329425 0.000000 0.944182 0.203036 0.203036 0.203036
4418.425293 0.000000 2393.839844 0.000000 0.131219 0.000000 0.991353 0.110139 0.110139 0.110139
4415.535645 0.000000 2398.497314 0.000000 0.294519 0.000000 -0.955646 1.424883 1.424883 1.424883
4417.923340 0.000000 2404.118896 0.000000 0.580206 0.000000 0.814469 0.385582 0.385582 0.385582
4418.269043 0.000000 2407.364014 0.000000 0.979702 0.000000 -0.200458 0.882231 0.882231 0.882231
4420.907227 0.000000 2395.526855 0.000000 0.003498 0.000000 -0.999994 0.953383 0.953383 0.953383
4415.510742 0.000000 2395.405518 0.000000 0.217322 0.000000 0.976100 0.143968 0.143968 0.143968
4438.775391 0.000000 2395.956787 0.000000 0.549960 0.000000 0.835191 0.685495 0.685495 0.685495
4424.068359 0.000000 2390.730225 0.000000 0.973501 0.000000 -0.228683 0.898153 0.898153 0.898153
4424.602051 0.000000 2380.513916 0.000000 0.988166 0.000000 0.153389 0.782776 0.782776 0.782776
4418.069824 0.000000 2390.722656 0.000000 0.784690 0.000000 0.619889 0.503551 0.503551 0.503551
4418.233398 0.000000 2385.559570 0.000000 0.194458 0.000000 -0.980911 1.016965 1.016965 1.016965
4437.505371 0.000000 2401.154785 0.000000 0.766080 0.000000 0.642745 0.554616 0.554616 0.554616
4475.187012 0.000000 2413.611816 0.000000 0.097938 0.000000 -0.995193 1.029424 1.029424 1.029424
4434.773438 0.000000 2394.865234 0.000000 0.113682 0.000000 -0.993517 1.501241 1.501241 1.501241
4415.532715 0.000000 2376.670898 0.000000 0.760369 0.000000 0.649491 0.516213 0.516213 0.516213
4426.433105 0.000000 2411.096680 0.000000 0.970684 0.000000 -0.240358 0.895990 0.895990 0.895990
4440.470215 0.000000 2371.206787 0.000000 0.160799 0.000000 -0.986987 1.008288 1.008288 1.008288
4458.905762 0.000000 2402.598633 0.000000 0.612698 0.000000 -0.790317 1.107603 1.107603 1.107603
4418.490234 0.000000 2402.095947 0.000000 0.179782 0.000000 -0.983707 1.313602 1.313602 1.313602
4432.766602 0.000000 2395.891602 0.000000 0.867238 0.000000 -0.497894 0.899926 0.899926 0.899926
4417.477051 0.000000 2378.995850 0.000000 0.164018 0.000000 0.986457 0.339458 0.339458 0.339458
4422.181641 0.000000 2412.241699 0.000000 0.968009 0.000000 -0.250917 0.856228 0.856228 0.856228
4422.954102 0.000000 2409.089111 0.000000 0.136867 0.000000 0.990589 0.553779 0.553779 0.553779
4423.452148 0.000000 2378.867920 0.000000 0.621037 0.000000 0.783782 0.645288 0.645288 0.645288
4434.879395 0.000000 2367.893066 0.000000 0.194872 0.000000 -0.980829 1.038862 1.038862 1.038862
4462.051270 0.000000 2424.592041 0.000000 0.938918 0.000000 0.344142 0.731937 0.731937 0.731937
4428.922852 0.000000 2408.489258 0.000000 0.953129 0.000000 -0.302565 0.934448 0.934448 0.934448
4433.739258 0.000000 2407.975586 0.000000 0.100419 0.000000 -0.994945 1.102445 1.102445 1.102445
4416.906738 0.000000 2381.315186 0.000000 0.413681 0.000000 0.910422 0.285775 0.285775 0.285775
4421.343750 0.000000 2393.573975 0.000000 0.997923 0.000000 -0.064423 0.822661 0.822661 0.822661
4424.904785 0.000000 2405.709473 0.000000 0.999125 0.000000 -0.041813 0.808604 0.808604 0.808604
4455.920898 0.000000 2418.686523 0.000000 0.904797 0.000000 -0.425843 0.905429 0.905429 0.905429
4428.385742 0.000000 2390.503174 0.000000 0.861775 0.000000 -0.507290 0.944514 0.944514 0.944514
4440.807129 0.000000 2372.967285 0.000000 0.983126 0.000000 0.182928 0.751868 0.751868 0.751868
4463.917480 0.000000 2427.821777 0.000000 0.337238 0.000000 0.941419 0.481469 0.481469 0.481469
4417.283203 0.000000 2395.302734 0.000000 0.287305 0.000000 0.957839 0.424381 0.424381 0.424381
4422.116699 0.000000 2390.550781 0.000000 0.435649 0.000000 -0.900117 1.314506 1.314506 1.314506
4419.752441 0.000000 2403.909668 0.000000 0.810521 0.000000 -0.585710 1.031210 1.031210 1.031210
4417.190918 0.000000 2405.727539 0.000000 0.737323 0.000000 0.675540 0.477067 0.477067 0.477067
4440.014160 0.000000 2394.550781 0.000000 0.392029 0.000000 0.919953 0.349790 0.349790 0.349790
4430.825684 0.000000 2406.103271 0.000000 0.061048 0.000000 -0.998135 1.553813 1.553813 1.553813
4421.845215 0.000000 2410.460205 0.000000 0.950678 0.000000 -0.310181 0.901413 0.901413 0.901413
4419.164551 0.000000 2392.197510 0.000000 0.130376 0.000000 -0.991465 1.490269 1.490269 1.490269
4438.584961 0.000000 2378.739990 0.000000 0.797924 0.000000 0.602758 0.604890 0.604890 0.604890
4418.914551 0.000000 2405.552734 0.000000 0.735693 0.000000 0.677315 0.611258 0.611258 0.611258
4417.489746 0.000000 2392.419922 0.000000 0.593193 0.000000 -0.805060 1.153235 1.153235 1.153235
4418.339844 0.000000 2382.221191 0.000000 0.983862 0.000000 0.178929 0.748980 0.748980 0.748980
4416.466797 0.000000 2393.847656 0.000000 0.994312 0.000000 -0.106504 0.840279 0.840279 0.840279
4425.045410 0.000000 2389.330566 0.000000 0.533789 0.000000 0.845618 0.479987 0.479987 0.479987
4422.412598 0.000000 2405.738770 0.000000 0.675610 0.000000 0.737260 0.482102 0.482102 0.482102
4415.527832 0.000000 2382.424072 0.000000 0.998176 0.000000 0.060364 0.774546 0.774546 0.774546
4425.804199 0.000000 2391.048828 0.000000 0.048582 0.000000 -0.998819 1.447560 1.447560 1.447560
4533.636230 0.000000 2355.784180 0.000000 0.938737 0.000000 -0.344633 0.858326 0.858326 0.858326
4520.633301 0.000000 2353.021973 0.000000 0.907569 0.000000 -0.419902 0.886548 0.886548 0.886548
4530.730957 0.000000 2355.782959 0.000000 0.236902 0.000000 0.971534 0.600533 0.600533 0.600533
4515.083984 0.000000 2350.572510 0.000000 0.958515 0.000000 -0.285041 0.880822 0.880822 0.880822
4488.386230 0.000000 2363.944580 0.000000 0.329277 0.000000 -0.944233 1.110855 1.110855 1.110855
4484.625977 0.000000 2360.354980 0.000000 0.774903 0.000000 0.632080 0.623711 0.623711 0.623711
4492.880859 0.000000 2423.869873 0.000000 0.868450 0.000000 -0.495776 0.806216 0.806216 0.806216
4501.671387 0.000000 2403.689941 0.000000 0.968089 0.000000 -0.250606 0.816695 0.816695 0.816695
4490.670410 0.000000 2389.679199 0.000000 0.991822 0.000000 -0.127626 0.814825 0.814825 0.814825
4513.003418 0.000000 2417.002197 0.000000 0.996625 0.000000 0.082095 0.789166 0.789166 0.789166
4520.633301 0.000000 2417.006348 0.000000 0.862213 0.000000 -0.506547 0.913514 0.913514 0.913514
4517.524902 0.000000 2405.584717 0.000000 0.128399 0.000000 -0.991723 1.050569 1.050569 1.050569
4494.146484 0.000000 2390.014893 0.000000 0.945596 0.000000 0.325343 0.716609 0.716609 0.716609
4511.431152 0.000000 2407.328369 0.000000 0.979110 0.000000 0.203331 0.752970 0.752970 0.752970
4495.661621 0.000000 2423.258057 0.000000 0.936990 0.000000 -0.349355 0.891949 0.891949 0.891949
4527.177246 0.000000 2411.111084 0.000000 0.151567 0.000000 -0.988447 1.114504 1.114504 1.114504
4487.419922 0.000000 2370.634766 0.000000 0.798989 0.000000 0.601346 0.601557 0.601557 0.601557
4490.073730 0.000000 2387.898926 0.000000 0.962055 0.000000 0.272856 0.725486 0.725486 0.725486
4542.061035 0.000000 2409.623291 0.000000 0.187927 0.000000 0.982183 0.515753 0.515753 0.515753
4486.531738 0.000000 2421.690674 0.000000 0.873205 0.000000 -0.487354 0.965723 0.965723 0.965723
4552.666016 0.000000 2374.321777 0.000000 0.994788 0.000000 0.101970 0.793064 0.793064 0.793064
4563.672852 0.000000 2390.765625 0.000000 0.279577 0.000000 -0.960123 1.139416 1.139416 1.139416
4555.144531 0.000000 2398.731201 0.000000 0.716798 0.000000 -0.697280 0.964894 0.964894 0.964894
4545.535645 0.000000 2408.818604 0.000000 0.886752 0.000000 0.462246 0.678115 0.678115 0.678115
4477.339844 0.000000 2435.563232 0.000000 0.944196 0.000000 0.329384 0.771174 0.771174 0.771174
4478.747070 0.000000 2433.956543 0.000000 0.631429 0.000000 0.775434 0.645805 0.645805 0.645805
4524.086426 0.000000 2444.064697 0.000000 0.931800 0.000000 0.362973 0.788872 0.788872 0.788872
4517.042480 0.000000 2445.138672 0.000000 0.936843 0.000000 -0.349750 0.947006 0.947006 0.947006
4526.923340 0.000000 2443.181152 0.000000 0.110770 0.000000 0.993846 0.234380 0.234380 0.234380
4524.588867 0.000000 2441.267822 0.000000 0.228570 0.000000 0.973527 0.682226 0.682226 0.682226
4529.915527 0.000000 2454.956055 0.000000 0.996838 0.000000 0.079464 0.789832 0.789832 0.789832
4519.426270 0.000000 2445.892334 0.000000 0.712867 0.000000 -0.701299 0.899347 0.899347 0.899347
4489.201660 0.000000 2446.495361 0.000000 0.992413 0.000000 0.122949 0.744363 0.744363 0.744363
4517.821777 0.000000 2447.098633 0.000000 0.119999 0.000000 -0.992774 1.124465 1.124465 1.124465
4487.444336 0.000000 2442.852295 0.000000 0.204581 0.000000 0.978850 0.538328 0.538328 0.538328
4495.961426 0.000000 2433.245361 0.000000 0.899874 0.000000 0.436149 0.718876 0.718876 0.718876
4526.280762 0.000000 2441.676270 0.000000 0.914815 0.000000 -0.403874 0.905454 0.905454 0.905454
"}
