object={
	name="tree_leaf_01_single_generator_1_0"
	clamp_to_water_level=no
	render_under_water=no
	generated_content=yes
	layer="tree_high_layer"
	pdxmesh="tree_leaf_01_single_a_mesh"
	count=187
	transform="613.277588 0.000000 1696.724121 0.000000 0.976418 0.000000 0.215889 0.680986 0.680986 0.680986
602.899231 0.000000 1705.399292 0.000000 0.335715 0.000000 -0.941964 0.740789 0.740789 0.740789
600.944885 0.000000 1685.925903 0.000000 0.348898 0.000000 0.937161 0.602376 0.602376 0.602376
606.863403 0.000000 1691.853149 0.000000 0.892124 0.000000 -0.451791 0.752430 0.752430 0.752430
606.628418 0.000000 1712.260864 0.000000 0.072505 0.000000 0.997368 0.532430 0.532430 0.532430
601.336731 0.000000 1700.324463 0.000000 0.998750 0.000000 -0.049985 0.706292 0.706292 0.706292
605.499573 0.000000 1687.226929 0.000000 0.632787 0.000000 0.774325 0.622613 0.622613 0.622613
609.015991 0.000000 1695.853149 0.000000 0.675142 0.000000 -0.737688 0.721748 0.721748 0.721748
620.470581 0.000000 1726.359131 0.000000 0.501517 0.000000 -0.865148 0.732886 0.732886 0.732886
606.025269 0.000000 1703.166260 0.000000 0.172410 0.000000 0.985025 0.621847 0.621847 0.621847
598.148010 0.000000 1699.861938 0.000000 0.958887 0.000000 0.283788 0.675360 0.675360 0.675360
623.637878 0.000000 1725.794922 0.000000 0.371890 0.000000 -0.928277 0.841385 0.841385 0.841385
600.759399 0.000000 1697.264893 0.000000 0.951563 0.000000 -0.307454 0.717477 0.717477 0.717477
615.360046 0.000000 1700.150635 0.000000 0.253548 0.000000 -0.967323 0.828638 0.828638 0.828638
598.174866 0.000000 1686.795532 0.000000 0.999437 0.000000 0.033538 0.696717 0.696717 0.696717
604.223511 0.000000 1700.925049 0.000000 0.731268 0.000000 -0.682090 0.765588 0.765588 0.765588
604.637146 0.000000 1689.894653 0.000000 0.554486 0.000000 -0.832193 0.844309 0.844309 0.844309
601.455505 0.000000 1703.074951 0.000000 0.917223 0.000000 0.398374 0.674222 0.674222 0.674222
602.880310 0.000000 1687.840576 0.000000 0.273522 0.000000 0.961866 0.598258 0.598258 0.598258
611.469727 0.000000 1694.837280 0.000000 0.529858 0.000000 -0.848086 0.813228 0.813228 0.813228
605.445251 0.000000 1705.516357 0.000000 0.341228 0.000000 0.939981 0.618811 0.618811 0.618811
607.414612 0.000000 1710.087280 0.000000 0.883545 0.000000 0.468345 0.651447 0.651447 0.651447
613.436646 0.000000 1699.089478 0.000000 0.854426 0.000000 -0.519573 0.760152 0.760152 0.760152
603.694824 0.000000 1703.055908 0.000000 0.999137 0.000000 0.041530 0.693466 0.693466 0.693466
614.001648 0.000000 1701.756592 0.000000 0.696354 0.000000 -0.717699 0.778340 0.778340 0.778340
610.848572 0.000000 1696.764771 0.000000 0.271136 0.000000 0.962541 0.575411 0.575411 0.575411
604.570251 0.000000 1711.907959 0.000000 0.590623 0.000000 -0.806947 0.780405 0.780405 0.780405
599.892883 0.000000 1699.127197 0.000000 0.731001 0.000000 -0.682376 0.764310 0.764310 0.764310
602.093506 0.000000 1689.638794 0.000000 0.029774 0.000000 -0.999557 0.853504 0.853504 0.853504
602.627991 0.000000 1701.662598 0.000000 0.530102 0.000000 -0.847934 0.836189 0.836189 0.836189
599.354919 0.000000 1685.290039 0.000000 0.498005 0.000000 -0.867174 0.817382 0.817382 0.817382
614.989075 0.000000 1698.577515 0.000000 0.278584 0.000000 0.960412 0.555890 0.555890 0.555890
604.358521 0.000000 1688.240723 0.000000 0.189464 0.000000 -0.981888 0.902606 0.902606 0.902606
624.207764 0.000000 1749.521484 0.000000 0.963963 0.000000 0.266036 0.691059 0.691059 0.691059
631.301331 0.000000 1748.104370 0.000000 0.931831 0.000000 0.362893 0.658464 0.658464 0.658464
622.502563 0.000000 1744.908936 0.000000 0.895978 0.000000 0.444098 0.678287 0.678287 0.678287
630.625610 0.000000 1738.841919 0.000000 0.335583 0.000000 -0.942011 0.961938 0.961938 0.961938
626.983765 0.000000 1746.307739 0.000000 0.976976 0.000000 0.213350 0.690231 0.690231 0.690231
627.149109 0.000000 1731.027344 0.000000 0.106026 0.000000 -0.994363 0.758868 0.758868 0.758868
614.803650 0.000000 1736.438354 0.000000 0.724941 0.000000 0.688811 0.567210 0.567210 0.567210
620.245544 0.000000 1727.731079 0.000000 0.925713 0.000000 0.378227 0.687799 0.687799 0.687799
624.986450 0.000000 1733.330078 0.000000 0.970213 0.000000 0.242254 0.674343 0.674343 0.674343
631.160156 0.000000 1751.359375 0.000000 0.503821 0.000000 0.863808 0.645330 0.645330 0.645330
624.317444 0.000000 1746.895752 0.000000 0.986427 0.000000 0.164201 0.681551 0.681551 0.681551
626.077942 0.000000 1735.507690 0.000000 0.933025 0.000000 0.359812 0.673628 0.673628 0.673628
630.262817 0.000000 1736.600220 0.000000 0.822588 0.000000 -0.568637 0.762364 0.762364 0.762364
627.148743 0.000000 1733.323975 0.000000 0.310933 0.000000 0.950432 0.559676 0.559676 0.559676
616.503662 0.000000 1737.550171 0.000000 0.821644 0.000000 -0.570001 0.822951 0.822951 0.822951
632.431213 0.000000 1749.766968 0.000000 0.025343 0.000000 -0.999679 0.862048 0.862048 0.862048
630.044434 0.000000 1749.625000 0.000000 0.633116 0.000000 0.774057 0.600992 0.600992 0.600992
631.889099 0.000000 1737.567383 0.000000 0.876975 0.000000 0.480536 0.648316 0.648316 0.648316
617.767273 0.000000 1736.576782 0.000000 0.778963 0.000000 0.627070 0.562599 0.562599 0.562599
631.607849 0.000000 1739.855347 0.000000 0.882542 0.000000 0.470234 0.595624 0.595624 0.595624
616.053345 0.000000 1736.410034 0.000000 0.821220 0.000000 0.570612 0.576898 0.576898 0.576898
685.137573 0.000000 1763.967651 0.000000 0.717704 0.000000 0.696349 0.644807 0.644807 0.644807
696.615906 0.000000 1767.174316 0.000000 0.823206 0.000000 0.567743 0.693669 0.693669 0.693669
660.702087 0.000000 1745.421631 0.000000 0.206964 0.000000 -0.978349 0.935697 0.935697 0.935697
699.362549 0.000000 1766.198853 0.000000 0.764509 0.000000 -0.644613 0.807731 0.807731 0.807731
687.115051 0.000000 1760.695312 0.000000 0.998994 0.000000 0.044844 0.697413 0.697413 0.697413
663.044495 0.000000 1744.366821 0.000000 0.916873 0.000000 -0.399179 0.748797 0.748797 0.748797
703.151672 0.000000 1759.174194 0.000000 0.563036 0.000000 0.826433 0.519805 0.519805 0.519805
676.670654 0.000000 1749.226440 0.000000 0.129257 0.000000 0.991611 0.271842 0.271842 0.271842
686.630066 0.000000 1762.628540 0.000000 0.992484 0.000000 -0.122376 0.728944 0.728944 0.728944
699.517090 0.000000 1764.343750 0.000000 0.087106 0.000000 -0.996199 1.005936 1.005936 1.005936
662.319275 0.000000 1745.999878 0.000000 0.341599 0.000000 0.939846 0.554762 0.554762 0.554762
698.324402 0.000000 1767.690063 0.000000 0.219524 0.000000 0.975607 0.492469 0.492469 0.492469
703.293823 0.000000 1756.418579 0.000000 0.816775 0.000000 -0.576956 0.780607 0.780607 0.780607
677.117371 0.000000 1759.062500 0.000000 0.659405 0.000000 -0.751788 0.804075 0.804075 0.804075
660.143188 0.000000 1744.209717 0.000000 0.860267 0.000000 0.509844 0.607439 0.607439 0.607439
661.735229 0.000000 1744.586792 0.000000 0.999994 0.000000 -0.003389 0.700586 0.700586 0.700586
698.209717 0.000000 1764.115845 0.000000 0.999920 0.000000 -0.012668 0.702612 0.702612 0.702612
676.770203 0.000000 1748.014038 0.000000 0.101531 0.000000 0.994832 0.263549 0.263549 0.263549
687.799316 0.000000 1762.346802 0.000000 0.947603 0.000000 -0.319451 0.776711 0.776711 0.776711
698.698181 0.000000 1765.180786 0.000000 0.441322 0.000000 0.897349 0.470333 0.470333 0.470333
677.614746 0.000000 1748.853149 0.000000 0.985125 0.000000 -0.171841 0.751307 0.751307 0.751307
703.988831 0.000000 1758.653564 0.000000 0.225302 0.000000 0.974289 0.451117 0.451117 0.451117
619.731445 0.000000 2919.375488 0.000000 0.060624 0.000000 0.998161 0.581241 0.581241 0.581241
618.346985 0.000000 2916.630859 0.000000 0.999999 0.000000 0.001517 0.699897 0.699897 0.699897
623.026672 0.000000 2907.119385 0.000000 0.968640 0.000000 0.248468 0.593807 0.593807 0.593807
621.518066 0.000000 2917.986572 0.000000 0.605290 0.000000 0.796005 0.571285 0.571285 0.571285
622.580566 0.000000 2906.222656 0.000000 0.612895 0.000000 0.790164 0.314692 0.314692 0.314692
623.573547 0.000000 2906.269531 0.000000 0.236558 0.000000 0.971617 0.136688 0.136688 0.136688
837.459961 0.000000 2937.852783 0.000000 0.301570 0.000000 -0.953444 0.741985 0.741985 0.741985
845.326050 0.000000 2935.744873 0.000000 0.778772 0.000000 0.627306 0.579128 0.579128 0.579128
836.809814 0.000000 2932.717773 0.000000 0.230190 0.000000 0.973146 0.671930 0.671930 0.671930
841.159302 0.000000 2934.123535 0.000000 0.816717 0.000000 -0.577039 0.974108 0.974108 0.974108
844.406677 0.000000 2932.186279 0.000000 0.402931 0.000000 -0.915231 0.778794 0.778794 0.778794
840.804199 0.000000 2937.943604 0.000000 0.797984 0.000000 -0.602679 0.924956 0.924956 0.924956
838.424255 0.000000 2935.177002 0.000000 0.005072 0.000000 -0.999987 1.110435 1.110435 1.110435
842.781677 0.000000 2936.368896 0.000000 0.882880 0.000000 -0.469599 0.864877 0.864877 0.864877
842.154724 0.000000 2931.091064 0.000000 0.771497 0.000000 -0.636234 0.747001 0.747001 0.747001
843.134705 0.000000 2938.846924 0.000000 0.998945 0.000000 -0.045927 0.705058 0.705058 0.705058
843.470032 0.000000 2934.226562 0.000000 0.366624 0.000000 -0.930369 1.218095 1.218095 1.218095
840.221558 0.000000 2936.033447 0.000000 0.633887 0.000000 0.773425 0.392493 0.392493 0.392493
844.413208 0.000000 2937.437500 0.000000 0.250426 0.000000 -0.968136 0.845073 0.845073 0.845073
840.831421 0.000000 2939.803955 0.000000 0.867137 0.000000 -0.498071 0.760135 0.760135 0.760135
842.441101 0.000000 2932.836426 0.000000 0.317055 0.000000 -0.948407 1.042462 1.042462 1.042462
838.977112 0.000000 2933.565674 0.000000 0.664380 0.000000 -0.747395 0.815065 0.815065 0.815065
838.717041 0.000000 2936.789551 0.000000 0.993433 0.000000 -0.114412 0.720439 0.720439 0.720439
840.943909 0.000000 2932.448242 0.000000 0.849780 0.000000 0.527138 0.538929 0.538929 0.538929
842.243591 0.000000 2937.722168 0.000000 0.992003 0.000000 -0.126211 0.742683 0.742683 0.742683
841.567444 0.000000 2935.548096 0.000000 0.606896 0.000000 -0.794782 1.109380 1.109380 1.109380
839.814148 0.000000 2934.675293 0.000000 0.849310 0.000000 -0.527894 0.845780 0.845780 0.845780
843.937683 0.000000 2935.517578 0.000000 0.984124 0.000000 0.177482 0.622670 0.622670 0.622670
841.490234 0.000000 2936.767334 0.000000 0.277477 0.000000 -0.960732 1.148493 1.148493 1.148493
840.223694 0.000000 2933.416504 0.000000 0.999338 0.000000 0.036368 0.689447 0.689447 0.689447
842.291870 0.000000 2934.503906 0.000000 0.806848 0.000000 -0.590759 0.973909 0.973909 0.973909
843.579346 0.000000 2933.081543 0.000000 0.364762 0.000000 0.931101 0.371463 0.371463 0.371463
843.319031 0.000000 2937.329102 0.000000 0.960550 0.000000 0.278109 0.604945 0.604945 0.604945
840.502869 0.000000 2936.989502 0.000000 0.790216 0.000000 -0.612828 0.929401 0.929401 0.929401
842.917419 0.000000 2935.285645 0.000000 0.995954 0.000000 -0.089863 0.738999 0.738999 0.738999
840.668274 0.000000 2935.154053 0.000000 0.642162 0.000000 -0.766569 1.089252 1.089252 1.089252
5043.603516 0.000000 1045.479248 0.000000 0.263214 0.000000 0.964737 0.640730 0.640730 0.640730
4408.988281 0.000000 2365.771973 0.000000 0.958261 0.000000 0.285896 0.678719 0.678719 0.678719
4410.615723 0.000000 2354.163818 0.000000 0.455767 0.000000 -0.890099 0.744116 0.744116 0.744116
4408.171875 0.000000 2353.285645 0.000000 0.973922 0.000000 0.226881 0.682001 0.682001 0.682001
4409.865723 0.000000 2363.938965 0.000000 0.307512 0.000000 0.951544 0.572467 0.572467 0.572467
4409.065430 0.000000 2360.170410 0.000000 0.820458 0.000000 0.571707 0.637250 0.637250 0.637250
4408.373535 0.000000 2362.312988 0.000000 0.165829 0.000000 0.986155 0.557671 0.557671 0.557671
4408.108887 0.000000 2419.776123 0.000000 0.444966 0.000000 0.895547 0.692243 0.692243 0.692243
4382.167480 0.000000 2416.089111 0.000000 0.588219 0.000000 0.808701 0.653909 0.653909 0.653909
4413.635742 0.000000 2418.508057 0.000000 0.031254 0.000000 -0.999511 0.823762 0.823762 0.823762
4373.533691 0.000000 2412.044678 0.000000 0.667692 0.000000 0.744438 0.675054 0.675054 0.675054
4407.123047 0.000000 2425.172363 0.000000 0.746883 0.000000 0.664955 0.661862 0.661862 0.661862
4377.721680 0.000000 2413.807373 0.000000 0.467216 0.000000 -0.884143 0.734120 0.734120 0.734120
4380.137207 0.000000 2419.831543 0.000000 0.883475 0.000000 0.468477 0.676994 0.676994 0.676994
4410.615723 0.000000 2418.148193 0.000000 0.901294 0.000000 -0.433208 0.720358 0.720358 0.720358
4375.853516 0.000000 2410.431152 0.000000 0.841574 0.000000 -0.540142 0.733904 0.733904 0.733904
4375.756348 0.000000 2412.807373 0.000000 0.924112 0.000000 -0.382123 0.736316 0.736316 0.736316
4415.961914 0.000000 2418.538574 0.000000 0.724077 0.000000 -0.689719 0.717291 0.717291 0.717291
4519.774414 0.000000 2429.362549 0.000000 0.153789 0.000000 0.988104 0.541583 0.541583 0.541583
4533.441895 0.000000 2429.488037 0.000000 0.784596 0.000000 -0.620007 0.752591 0.752591 0.752591
4516.786621 0.000000 2428.851562 0.000000 0.765252 0.000000 0.643731 0.675556 0.675556 0.675556
4518.079590 0.000000 2429.895020 0.000000 0.146662 0.000000 -0.989187 0.859223 0.859223 0.859223
4549.006836 0.000000 2425.977783 0.000000 0.378708 0.000000 0.925516 0.646275 0.646275 0.646275
4559.886230 0.000000 2412.780029 0.000000 0.770009 0.000000 0.638034 0.695163 0.695163 0.695163
4561.526367 0.000000 2419.865967 0.000000 0.277294 0.000000 -0.960785 0.727049 0.727049 0.727049
4599.099609 0.000000 2425.172363 0.000000 0.067513 0.000000 0.997718 0.655341 0.655341 0.655341
4581.429199 0.000000 2424.846680 0.000000 0.960024 0.000000 -0.279919 0.705454 0.705454 0.705454
4548.356934 0.000000 2420.842773 0.000000 0.205325 0.000000 0.978694 0.638024 0.638024 0.638024
4557.428711 0.000000 2417.081299 0.000000 0.231190 0.000000 0.972909 0.664939 0.664939 0.664939
4560.456543 0.000000 2417.004395 0.000000 0.013995 0.000000 -0.999902 0.827870 0.827870 0.827870
4549.971191 0.000000 2423.302002 0.000000 0.968722 0.000000 0.248148 0.665379 0.665379 0.665379
4580.883301 0.000000 2422.200439 0.000000 0.031262 0.000000 0.999511 0.605834 0.605834 0.605834
4547.291016 0.000000 2423.303955 0.000000 0.984779 0.000000 0.173812 0.692367 0.692367 0.692367
4548.665527 0.000000 2422.360352 0.000000 0.013001 0.000000 -0.999915 0.915068 0.915068 0.915068
4534.506348 0.000000 2432.158447 0.000000 0.386092 0.000000 0.922460 0.689738 0.689738 0.689738
4516.801270 0.000000 2464.536621 0.000000 0.050765 0.000000 -0.998711 0.745158 0.745158 0.745158
4540.723145 0.000000 2467.558105 0.000000 0.999926 0.000000 -0.012160 0.700297 0.700297 0.700297
4499.329102 0.000000 2452.885010 0.000000 0.367991 0.000000 0.929829 0.601933 0.601933 0.601933
4515.466797 0.000000 2468.546875 0.000000 0.789701 0.000000 -0.613492 0.723085 0.723085 0.723085
4501.698242 0.000000 2454.607910 0.000000 0.773585 0.000000 0.633693 0.666417 0.666417 0.666417
4538.074707 0.000000 2466.599854 0.000000 0.960802 0.000000 -0.277236 0.725037 0.725037 0.725037
4518.883301 0.000000 2431.460205 0.000000 0.116545 0.000000 -0.993185 0.834671 0.834671 0.834671
4516.959961 0.000000 2466.901855 0.000000 0.805108 0.000000 -0.593129 0.744384 0.744384 0.744384
4501.142578 0.000000 2452.914062 0.000000 0.934881 0.000000 -0.354960 0.737415 0.737415 0.737415
4539.048340 0.000000 2468.171875 0.000000 0.159810 0.000000 0.987148 0.532406 0.532406 0.532406
4515.479492 0.000000 2466.018555 0.000000 0.892531 0.000000 -0.450986 0.753964 0.753964 0.753964
4580.649902 0.000000 2477.323975 0.000000 0.499220 0.000000 -0.866475 0.753118 0.753118 0.753118
4551.612305 0.000000 2460.730713 0.000000 0.997931 0.000000 -0.064287 0.700112 0.700112 0.700112
4559.886230 0.000000 2476.764404 0.000000 0.869210 0.000000 0.494442 0.696385 0.696385 0.696385
4589.334473 0.000000 2474.706787 0.000000 0.555467 0.000000 -0.831539 0.705148 0.705148 0.705148
4552.246582 0.000000 2451.734375 0.000000 0.424710 0.000000 0.905329 0.686150 0.686150 0.686150
4574.378906 0.000000 2459.665527 0.000000 0.094901 0.000000 0.995487 0.692263 0.692263 0.692263
4566.172852 0.000000 2445.726074 0.000000 0.785525 0.000000 0.618830 0.689505 0.689505 0.689505
4605.612305 0.000000 2482.492432 0.000000 0.667940 0.000000 -0.744215 0.714668 0.714668 0.714668
4550.270020 0.000000 2446.309814 0.000000 0.155471 0.000000 0.987840 0.625831 0.625831 0.625831
4581.429199 0.000000 2488.831055 0.000000 0.125188 0.000000 0.992133 0.649485 0.649485 0.649485
4557.428711 0.000000 2481.065674 0.000000 0.258552 0.000000 0.965997 0.672543 0.672543 0.672543
4591.687988 0.000000 2479.605225 0.000000 0.230449 0.000000 -0.973084 0.721048 0.721048 0.721048
4576.531738 0.000000 2463.665527 0.000000 0.826498 0.000000 0.562939 0.682236 0.682236 0.682236
4548.933594 0.000000 2449.728516 0.000000 0.702751 0.000000 0.711436 0.676484 0.676484 0.676484
4578.353027 0.000000 2487.103027 0.000000 0.871982 0.000000 -0.489539 0.717880 0.717880 0.717880
4577.453613 0.000000 2460.573242 0.000000 0.876952 0.000000 -0.480578 0.716646 0.716646 0.716646
4548.891602 0.000000 2459.511230 0.000000 0.590946 0.000000 0.806711 0.654074 0.654074 0.654074
4583.753906 0.000000 2477.519287 0.000000 0.975862 0.000000 0.218388 0.689227 0.689227 0.689227
4615.998535 0.000000 2417.290039 0.000000 0.783116 0.000000 -0.621876 0.705864 0.705864 0.705864
4612.846191 0.000000 2417.715088 0.000000 0.651661 0.000000 0.758511 0.669906 0.669906 0.669906
4618.818848 0.000000 2432.193115 0.000000 0.119420 0.000000 -0.992844 0.720287 0.720287 0.720287
4607.938477 0.000000 2482.522949 0.000000 0.873166 0.000000 -0.487422 0.707118 0.707118 0.707118
4612.798340 0.000000 2455.732666 0.000000 0.044100 0.000000 -0.999027 0.790712 0.790712 0.790712
4621.035645 0.000000 2452.189697 0.000000 0.314841 0.000000 -0.949144 0.750263 0.750263 0.750263
4619.540527 0.000000 2437.012451 0.000000 0.252690 0.000000 0.967547 0.637936 0.637936 0.637936
4627.801270 0.000000 2435.036865 0.000000 0.211305 0.000000 -0.977420 0.733222 0.733222 0.733222
4613.493164 0.000000 2452.846680 0.000000 0.999900 0.000000 0.014152 0.699505 0.699505 0.699505
4626.177734 0.000000 2437.449219 0.000000 0.209648 0.000000 -0.977777 0.780783 0.780783 0.780783
4619.716797 0.000000 2434.447998 0.000000 0.990782 0.000000 0.135469 0.692876 0.692876 0.692876
"}
