object={
	name="tree_cypress_01_generator_1_0"
	clamp_to_water_level=no
	render_under_water=no
	generated_content=yes
	layer="tree_high_layer"
	pdxmesh="tree_cypress_01_a_mesh"
	count=168
	transform="3751.474609 0.000000 1433.239990 0.000000 0.653015 0.000000 -0.757345 1.000000 1.000000 1.000000
3751.394043 0.000000 1447.095337 0.000000 0.965797 0.000000 0.259298 1.000000 1.000000 1.000000
3754.754150 0.000000 1429.435913 0.000000 0.999977 0.000000 -0.006831 1.000000 1.000000 1.000000
3757.393066 0.000000 1428.214844 0.000000 0.993605 0.000000 0.112912 1.000000 1.000000 1.000000
3752.724365 0.000000 1427.598267 0.000000 0.996725 0.000000 -0.080870 1.000000 1.000000 1.000000
3755.143799 0.000000 1438.304077 0.000000 0.989597 0.000000 0.143868 1.000000 1.000000 1.000000
3751.035889 0.000000 1449.441162 0.000000 0.899157 0.000000 -0.437627 1.000000 1.000000 1.000000
3774.032471 0.000000 1445.677368 0.000000 0.085086 0.000000 0.996374 1.000000 1.000000 1.000000
3754.177246 0.000000 1428.091431 0.000000 0.638264 0.000000 0.769818 1.000000 1.000000 1.000000
3758.234131 0.000000 1447.246948 0.000000 0.998881 0.000000 -0.047288 1.000000 1.000000 1.000000
3751.909424 0.000000 1448.356445 0.000000 0.983683 0.000000 -0.179909 1.000000 1.000000 1.000000
3750.172119 0.000000 1446.888306 0.000000 0.898061 0.000000 -0.439872 1.000000 1.000000 1.000000
3750.814941 0.000000 1448.374390 0.000000 0.397394 0.000000 -0.917648 1.000000 1.000000 1.000000
3750.456787 0.000000 1424.235229 0.000000 0.415699 0.000000 -0.909502 1.000000 1.000000 1.000000
3757.300293 0.000000 1429.207520 0.000000 1.000000 0.000000 0.000775 1.000000 1.000000 1.000000
3775.572998 0.000000 1446.457397 0.000000 0.734710 0.000000 -0.678382 1.000000 1.000000 1.000000
2927.501465 0.000000 2056.374268 0.000000 0.233636 0.000000 0.972324 1.000000 1.000000 1.000000
2929.796631 0.000000 2055.429443 0.000000 0.902514 0.000000 -0.430660 1.000000 1.000000 1.000000
2916.397217 0.000000 2069.148438 0.000000 0.644202 0.000000 0.764856 1.000000 1.000000 1.000000
2919.540039 0.000000 2063.827637 0.000000 0.604037 0.000000 0.796956 1.000000 1.000000 1.000000
3845.092773 0.000000 2425.977783 0.000000 0.927650 0.000000 0.373452 1.000000 1.000000 1.000000
3863.202148 0.000000 2417.837402 0.000000 0.375828 0.000000 -0.926689 1.000000 1.000000 1.000000
3862.613525 0.000000 2414.895508 0.000000 0.673896 0.000000 0.738827 1.000000 1.000000 1.000000
3844.864990 0.000000 2427.949707 0.000000 0.734681 0.000000 0.678413 1.000000 1.000000 1.000000
3864.104004 0.000000 2425.725342 0.000000 0.646022 0.000000 -0.763319 1.000000 1.000000 1.000000
3857.338135 0.000000 2413.267822 0.000000 0.819104 0.000000 -0.573645 1.000000 1.000000 1.000000
3864.907471 0.000000 2424.577881 0.000000 0.337570 0.000000 0.941300 1.000000 1.000000 1.000000
4147.712891 0.000000 1685.322998 0.000000 0.823143 0.000000 0.567834 1.000000 1.000000 1.000000
4143.655762 0.000000 1692.595337 0.000000 0.895356 0.000000 0.445351 1.000000 1.000000 1.000000
4142.871094 0.000000 1693.590820 0.000000 0.802695 0.000000 0.596389 1.000000 1.000000 1.000000
4138.108398 0.000000 1775.412964 0.000000 0.996340 0.000000 -0.085474 1.000000 1.000000 1.000000
4130.953125 0.000000 1790.824341 0.000000 0.622546 0.000000 0.782583 1.000000 1.000000 1.000000
4124.140625 0.000000 1775.892334 0.000000 0.007368 0.000000 0.999973 1.000000 1.000000 1.000000
4132.625488 0.000000 1790.526611 0.000000 0.301009 0.000000 -0.953621 1.000000 1.000000 1.000000
4140.562988 0.000000 1769.561279 0.000000 0.672470 0.000000 0.740125 1.000000 1.000000 1.000000
4119.005859 0.000000 1776.573486 0.000000 0.198298 0.000000 0.980142 1.000000 1.000000 1.000000
4125.097656 0.000000 1777.114380 0.000000 0.891239 0.000000 0.453535 1.000000 1.000000 1.000000
4125.828125 0.000000 1774.875977 0.000000 0.396072 0.000000 0.918220 1.000000 1.000000 1.000000
4140.822266 0.000000 1775.039917 0.000000 0.957370 0.000000 -0.288865 1.000000 1.000000 1.000000
4179.265625 0.000000 1775.916016 0.000000 0.727939 0.000000 -0.685642 1.000000 1.000000 1.000000
4177.116211 0.000000 1774.887451 0.000000 0.397628 0.000000 -0.917547 1.000000 1.000000 1.000000
4165.239746 0.000000 1773.908447 0.000000 0.183329 0.000000 -0.983052 1.000000 1.000000 1.000000
4191.845703 0.000000 1789.476929 0.000000 0.946152 0.000000 0.323723 1.000000 1.000000 1.000000
4150.871582 0.000000 1812.088745 0.000000 0.352837 0.000000 -0.935685 1.000000 1.000000 1.000000
4133.986328 0.000000 1812.236084 0.000000 0.211018 0.000000 -0.977482 1.000000 1.000000 1.000000
4140.920898 0.000000 1817.432739 0.000000 0.216706 0.000000 -0.976237 1.000000 1.000000 1.000000
4147.402344 0.000000 1808.091309 0.000000 0.706245 0.000000 0.707967 1.000000 1.000000 1.000000
4152.001465 0.000000 1813.751343 0.000000 0.937229 0.000000 -0.348714 1.000000 1.000000 1.000000
4134.533691 0.000000 1795.805054 0.000000 0.760237 0.000000 0.649646 1.000000 1.000000 1.000000
4128.045410 0.000000 1813.785278 0.000000 0.996499 0.000000 -0.083606 1.000000 1.000000 1.000000
4150.041992 0.000000 1825.228394 0.000000 0.879270 0.000000 0.476324 1.000000 1.000000 1.000000
4146.216309 0.000000 1808.843872 0.000000 0.231031 0.000000 0.972946 1.000000 1.000000 1.000000
4179.368164 0.000000 1813.041382 0.000000 0.258873 0.000000 0.965911 1.000000 1.000000 1.000000
4183.876953 0.000000 1834.571777 0.000000 0.130291 0.000000 -0.991476 1.000000 1.000000 1.000000
4165.421387 0.000000 1822.299683 0.000000 0.299753 0.000000 -0.954017 1.000000 1.000000 1.000000
4190.308594 0.000000 1791.635010 0.000000 0.931940 0.000000 0.362612 1.000000 1.000000 1.000000
4169.247559 0.000000 1824.839111 0.000000 0.649544 0.000000 -0.760324 1.000000 1.000000 1.000000
4181.181641 0.000000 1813.070435 0.000000 0.905474 0.000000 0.424401 1.000000 1.000000 1.000000
4182.211426 0.000000 1834.700928 0.000000 0.999447 0.000000 0.033244 1.000000 1.000000 1.000000
4183.029297 0.000000 1835.798950 0.000000 0.166581 0.000000 0.986028 1.000000 1.000000 1.000000
4191.576172 0.000000 1824.440186 0.000000 0.413250 0.000000 0.910618 1.000000 1.000000 1.000000
5082.951172 0.000000 1951.781494 0.000000 0.991818 0.000000 0.127663 1.000000 1.000000 1.000000
5118.971680 0.000000 1966.381714 0.000000 0.875669 0.000000 -0.482913 1.000000 1.000000 1.000000
5101.453125 0.000000 1960.418213 0.000000 0.748529 0.000000 0.663102 1.000000 1.000000 1.000000
5086.867676 0.000000 1966.024780 0.000000 0.322601 0.000000 -0.946535 1.000000 1.000000 1.000000
5100.971191 0.000000 1958.220825 0.000000 0.459341 0.000000 0.888260 1.000000 1.000000 1.000000
5118.469238 0.000000 1968.537720 0.000000 0.911643 0.000000 -0.410983 1.000000 1.000000 1.000000
5084.023438 0.000000 1967.845459 0.000000 0.893288 0.000000 -0.449485 1.000000 1.000000 1.000000
5104.638184 0.000000 1974.031128 0.000000 0.907917 0.000000 -0.419150 1.000000 1.000000 1.000000
5080.018066 0.000000 1951.523804 0.000000 0.993415 0.000000 -0.114568 1.000000 1.000000 1.000000
5100.445801 0.000000 1961.514404 0.000000 0.694909 0.000000 0.719097 1.000000 1.000000 1.000000
5082.634766 0.000000 1950.285767 0.000000 0.935664 0.000000 0.352892 1.000000 1.000000 1.000000
5372.621582 0.000000 1763.729980 0.000000 0.822728 0.000000 -0.568435 1.000000 1.000000 1.000000
5355.153320 0.000000 1767.656738 0.000000 0.030836 0.000000 0.999524 1.000000 1.000000 1.000000
5375.251465 0.000000 1763.936279 0.000000 0.275773 0.000000 -0.961223 1.000000 1.000000 1.000000
5353.050781 0.000000 1766.639404 0.000000 0.663967 0.000000 -0.747762 1.000000 1.000000 1.000000
5412.548340 0.000000 1773.495728 0.000000 0.245232 0.000000 -0.969464 1.000000 1.000000 1.000000
5406.277344 0.000000 1755.837524 0.000000 0.842118 0.000000 -0.539293 1.000000 1.000000 1.000000
5378.829102 0.000000 1788.879761 0.000000 0.026800 0.000000 0.999641 1.000000 1.000000 1.000000
5377.309570 0.000000 1776.475830 0.000000 0.763168 0.000000 -0.646200 1.000000 1.000000 1.000000
5407.573730 0.000000 1757.928345 0.000000 0.947095 0.000000 0.320954 1.000000 1.000000 1.000000
5380.677734 0.000000 1788.105835 0.000000 0.398259 0.000000 -0.917273 1.000000 1.000000 1.000000
5379.145996 0.000000 1790.998779 0.000000 0.929336 0.000000 0.369236 1.000000 1.000000 1.000000
5379.097168 0.000000 1776.916870 0.000000 0.982350 0.000000 -0.187052 1.000000 1.000000 1.000000
5381.106934 0.000000 1789.760010 0.000000 0.877711 0.000000 -0.479190 1.000000 1.000000 1.000000
5400.896973 0.000000 1751.277832 0.000000 0.322047 0.000000 0.946724 1.000000 1.000000 1.000000
5377.080078 0.000000 1777.915894 0.000000 0.966836 0.000000 0.255399 1.000000 1.000000 1.000000
5413.972656 0.000000 1770.427002 0.000000 0.865498 0.000000 -0.500912 1.000000 1.000000 1.000000
5379.786621 0.000000 1789.790649 0.000000 0.545395 0.000000 0.838179 1.000000 1.000000 1.000000
5501.502930 0.000000 1778.664307 0.000000 0.061911 0.000000 -0.998082 1.000000 1.000000 1.000000
5486.529297 0.000000 1760.695312 0.000000 0.248039 0.000000 -0.968750 1.000000 1.000000 1.000000
5500.214355 0.000000 1781.040161 0.000000 0.778041 0.000000 0.628214 1.000000 1.000000 1.000000
5502.442871 0.000000 1781.408813 0.000000 0.045643 0.000000 -0.998958 1.000000 1.000000 1.000000
5484.924316 0.000000 1766.267700 0.000000 0.293230 0.000000 0.956042 1.000000 1.000000 1.000000
5499.421875 0.000000 1756.287842 0.000000 0.715925 0.000000 0.698177 1.000000 1.000000 1.000000
5486.043945 0.000000 1762.628540 0.000000 0.659478 0.000000 -0.751724 1.000000 1.000000 1.000000
5498.228516 0.000000 1757.937256 0.000000 0.358141 0.000000 0.933667 1.000000 1.000000 1.000000
5486.044922 0.000000 1764.003662 0.000000 0.997177 0.000000 -0.075089 1.000000 1.000000 1.000000
5503.829102 0.000000 1778.694702 0.000000 0.748314 0.000000 0.663345 1.000000 1.000000 1.000000
5528.157715 0.000000 1761.249268 0.000000 0.999679 0.000000 0.025326 1.000000 1.000000 1.000000
5529.644531 0.000000 1762.554810 0.000000 0.889238 0.000000 0.457444 1.000000 1.000000 1.000000
5527.881348 0.000000 1754.706909 0.000000 0.598125 0.000000 0.801403 1.000000 1.000000 1.000000
5503.366699 0.000000 1780.854370 0.000000 0.824034 0.000000 -0.566540 1.000000 1.000000 1.000000
5529.299316 0.000000 1761.371460 0.000000 0.705553 0.000000 0.708657 1.000000 1.000000 1.000000
5575.322266 0.000000 1753.699829 0.000000 0.280409 0.000000 -0.959881 1.000000 1.000000 1.000000
5575.927734 0.000000 1750.886475 0.000000 0.542767 0.000000 -0.839884 1.000000 1.000000 1.000000
5573.203125 0.000000 1753.730347 0.000000 0.594772 0.000000 -0.803894 1.000000 1.000000 1.000000
5348.778320 0.000000 1797.306641 0.000000 0.613346 0.000000 0.789814 1.000000 1.000000 1.000000
5362.405762 0.000000 1810.292114 0.000000 0.986283 0.000000 0.165064 1.000000 1.000000 1.000000
5348.633789 0.000000 1833.841797 0.000000 0.679211 0.000000 -0.733943 1.000000 1.000000 1.000000
5349.525391 0.000000 1794.076416 0.000000 0.709322 0.000000 0.704884 1.000000 1.000000 1.000000
5134.958008 0.000000 1952.480103 0.000000 0.595694 0.000000 -0.803212 1.000000 1.000000 1.000000
5120.098633 0.000000 1952.085693 0.000000 0.892224 0.000000 -0.451593 1.000000 1.000000 1.000000
5379.512695 0.000000 1792.816162 0.000000 0.216909 0.000000 -0.976192 1.000000 1.000000 1.000000
5381.346680 0.000000 1793.795410 0.000000 0.698319 0.000000 -0.715786 1.000000 1.000000 1.000000
5566.916992 0.000000 1838.412964 0.000000 0.411842 0.000000 0.911255 1.000000 1.000000 1.000000
5559.105469 0.000000 1826.853882 0.000000 0.006115 0.000000 -0.999981 1.000000 1.000000 1.000000
5564.219727 0.000000 1839.886108 0.000000 0.826549 0.000000 0.562865 1.000000 1.000000 1.000000
5569.076660 0.000000 1854.623779 0.000000 0.986990 0.000000 0.160780 1.000000 1.000000 1.000000
5569.549316 0.000000 1856.576904 0.000000 0.859673 0.000000 0.510844 1.000000 1.000000 1.000000
5670.264160 0.000000 1651.997925 0.000000 0.986747 0.000000 0.162267 1.000000 1.000000 1.000000
5682.488281 0.000000 1654.174927 0.000000 0.739818 0.000000 -0.672807 1.000000 1.000000 1.000000
5673.920898 0.000000 1647.444214 0.000000 0.937226 0.000000 0.348721 1.000000 1.000000 1.000000
5672.671387 0.000000 1643.133057 0.000000 0.986247 0.000000 -0.165278 1.000000 1.000000 1.000000
5689.415527 0.000000 1617.401001 0.000000 0.990711 0.000000 0.135983 1.000000 1.000000 1.000000
5678.943848 0.000000 1655.145752 0.000000 0.822670 0.000000 0.568519 1.000000 1.000000 1.000000
5670.542480 0.000000 1648.307251 0.000000 0.743950 0.000000 -0.668235 1.000000 1.000000 1.000000
5683.679688 0.000000 1657.425171 0.000000 0.640415 0.000000 0.768029 1.000000 1.000000 1.000000
5672.957520 0.000000 1640.673462 0.000000 0.955884 0.000000 0.293744 1.000000 1.000000 1.000000
5693.983398 0.000000 1660.088623 0.000000 0.375680 0.000000 -0.926749 1.000000 1.000000 1.000000
5680.567871 0.000000 1654.109253 0.000000 0.953033 0.000000 0.302865 1.000000 1.000000 1.000000
5683.634277 0.000000 1655.591431 0.000000 0.607610 0.000000 0.794236 1.000000 1.000000 1.000000
5672.140137 0.000000 1647.545288 0.000000 0.906286 0.000000 0.422664 1.000000 1.000000 1.000000
5670.080078 0.000000 1646.046509 0.000000 0.677728 0.000000 -0.735313 1.000000 1.000000 1.000000
5671.466797 0.000000 1652.108154 0.000000 0.759007 0.000000 -0.651082 1.000000 1.000000 1.000000
5678.723633 0.000000 1654.011597 0.000000 0.992162 0.000000 0.124957 1.000000 1.000000 1.000000
5694.746094 0.000000 1661.224487 0.000000 0.311080 0.000000 0.950384 1.000000 1.000000 1.000000
5675.508789 0.000000 1640.780151 0.000000 0.995390 0.000000 0.095909 1.000000 1.000000 1.000000
5726.619141 0.000000 1655.543213 0.000000 0.940335 0.000000 0.340249 1.000000 1.000000 1.000000
5736.846191 0.000000 1616.021484 0.000000 0.991654 0.000000 -0.128929 1.000000 1.000000 1.000000
5704.105957 0.000000 1619.937500 0.000000 0.607156 0.000000 -0.794582 1.000000 1.000000 1.000000
5695.406738 0.000000 1660.681030 0.000000 0.695058 0.000000 0.718954 1.000000 1.000000 1.000000
5702.129395 0.000000 1614.512939 0.000000 0.514130 0.000000 0.857712 1.000000 1.000000 1.000000
5752.974121 0.000000 1647.304321 0.000000 0.841258 0.000000 0.540633 1.000000 1.000000 1.000000
5746.358887 0.000000 1618.338989 0.000000 0.118405 0.000000 -0.992965 1.000000 1.000000 1.000000
5700.792969 0.000000 1617.931763 0.000000 0.359246 0.000000 0.933243 1.000000 1.000000 1.000000
5739.543945 0.000000 1615.144531 0.000000 0.613455 0.000000 -0.789730 1.000000 1.000000 1.000000
5747.207031 0.000000 1616.138184 0.000000 0.296023 0.000000 0.955181 1.000000 1.000000 1.000000
5726.087402 0.000000 1657.662720 0.000000 0.999494 0.000000 0.031806 1.000000 1.000000 1.000000
5741.895020 0.000000 1656.779541 0.000000 0.415985 0.000000 -0.909371 1.000000 1.000000 1.000000
5707.819336 0.000000 1657.749878 0.000000 0.727112 0.000000 0.686519 1.000000 1.000000 1.000000
5702.400879 0.000000 1616.356934 0.000000 0.845190 0.000000 -0.534466 1.000000 1.000000 1.000000
5699.008301 0.000000 1624.385132 0.000000 0.942747 0.000000 -0.333509 1.000000 1.000000 1.000000
5721.335938 0.000000 1612.477173 0.000000 0.016581 0.000000 0.999863 1.000000 1.000000 1.000000
5738.467773 0.000000 1616.338013 0.000000 0.924348 0.000000 0.381549 1.000000 1.000000 1.000000
5700.868652 0.000000 1616.405640 0.000000 0.726950 0.000000 0.686690 1.000000 1.000000 1.000000
5754.559570 0.000000 1647.102661 0.000000 0.978003 0.000000 0.208593 1.000000 1.000000 1.000000
5764.743164 0.000000 1627.714233 0.000000 0.981853 0.000000 -0.189645 1.000000 1.000000 1.000000
5761.387207 0.000000 1641.006226 0.000000 0.147902 0.000000 0.989002 1.000000 1.000000 1.000000
4377.964355 0.000000 2169.587402 0.000000 0.973552 0.000000 -0.228466 1.000000 1.000000 1.000000
4384.005371 0.000000 2171.569580 0.000000 0.051332 0.000000 0.998682 1.000000 1.000000 1.000000
4384.163574 0.000000 2181.513916 0.000000 0.549243 0.000000 0.835663 1.000000 1.000000 1.000000
4364.917969 0.000000 2181.313232 0.000000 0.909166 0.000000 -0.416433 1.000000 1.000000 1.000000
4371.966797 0.000000 2335.147461 0.000000 0.666794 0.000000 0.745243 1.000000 1.000000 1.000000
4378.813965 0.000000 2364.334717 0.000000 0.711768 0.000000 -0.702414 1.000000 1.000000 1.000000
4371.503906 0.000000 2356.586182 0.000000 0.468648 0.000000 -0.883385 1.000000 1.000000 1.000000
4367.051758 0.000000 2400.370850 0.000000 0.658114 0.000000 0.752918 1.000000 1.000000 1.000000
4368.837891 0.000000 2401.686523 0.000000 0.937308 0.000000 0.348503 1.000000 1.000000 1.000000
"}
object={
	name="tree_cypress_01_generator_1_1"
	clamp_to_water_level=no
	render_under_water=no
	generated_content=yes
	layer="tree_high_layer"
	pdxmesh="tree_cypress_01_b_mesh"
	count=91
	transform="3759.824951 0.000000 1429.599609 0.000000 0.241768 0.000000 -0.970334 1.000000 1.000000 1.000000
3750.977295 0.000000 1444.213135 0.000000 0.354844 0.000000 -0.934925 1.000000 1.000000 1.000000
3750.475342 0.000000 1451.839600 0.000000 0.621005 0.000000 -0.783807 1.000000 1.000000 1.000000
3752.068115 0.000000 1439.459351 0.000000 0.262927 0.000000 -0.964816 1.000000 1.000000 1.000000
3756.306641 0.000000 1429.437866 0.000000 0.207131 0.000000 0.978313 1.000000 1.000000 1.000000
3753.838867 0.000000 1425.680908 0.000000 0.179806 0.000000 0.983702 1.000000 1.000000 1.000000
3753.837158 0.000000 1438.635620 0.000000 0.980354 0.000000 -0.197247 1.000000 1.000000 1.000000
3774.265381 0.000000 1444.500244 0.000000 0.895679 0.000000 0.444701 1.000000 1.000000 1.000000
3751.519775 0.000000 1425.053223 0.000000 0.365476 0.000000 -0.930821 1.000000 1.000000 1.000000
3754.810059 0.000000 1427.264282 0.000000 0.792967 0.000000 -0.609265 1.000000 1.000000 1.000000
2921.083252 0.000000 2049.571289 0.000000 0.868736 0.000000 0.495275 1.000000 1.000000 1.000000
2908.616211 0.000000 2057.603516 0.000000 0.413998 0.000000 -0.910278 1.000000 1.000000 1.000000
2918.017090 0.000000 2063.192383 0.000000 0.322465 0.000000 0.946581 1.000000 1.000000 1.000000
3844.704346 0.000000 2424.339355 0.000000 0.485734 0.000000 -0.874107 1.000000 1.000000 1.000000
3859.894775 0.000000 2435.036865 0.000000 0.367876 0.000000 0.929875 1.000000 1.000000 1.000000
4142.597168 0.000000 1691.416260 0.000000 0.212950 0.000000 0.977063 1.000000 1.000000 1.000000
4137.762695 0.000000 1677.313354 0.000000 0.487018 0.000000 -0.873392 1.000000 1.000000 1.000000
4119.170898 0.000000 1777.993652 0.000000 0.462393 0.000000 0.886675 1.000000 1.000000 1.000000
4141.570312 0.000000 1768.465088 0.000000 0.315967 0.000000 -0.948770 1.000000 1.000000 1.000000
4157.376953 0.000000 1773.050781 0.000000 0.407072 0.000000 0.913396 1.000000 1.000000 1.000000
4117.312012 0.000000 1776.892700 0.000000 0.999723 0.000000 0.023514 1.000000 1.000000 1.000000
4141.838379 0.000000 1775.541260 0.000000 0.876692 0.000000 0.481052 1.000000 1.000000 1.000000
4191.695801 0.000000 1791.327393 0.000000 0.062632 0.000000 -0.998037 1.000000 1.000000 1.000000
4190.352539 0.000000 1788.547974 0.000000 0.997296 0.000000 0.073484 1.000000 1.000000 1.000000
4176.503418 0.000000 1777.160767 0.000000 0.992807 0.000000 0.119726 1.000000 1.000000 1.000000
4129.289062 0.000000 1812.474487 0.000000 0.918884 0.000000 0.394528 1.000000 1.000000 1.000000
4136.168457 0.000000 1796.851929 0.000000 0.138431 0.000000 -0.990372 1.000000 1.000000 1.000000
4133.120117 0.000000 1815.160767 0.000000 0.126569 0.000000 -0.991958 1.000000 1.000000 1.000000
4142.597168 0.000000 1819.385010 0.000000 0.808527 0.000000 0.588460 1.000000 1.000000 1.000000
4140.141113 0.000000 1819.970947 0.000000 0.946706 0.000000 0.322099 1.000000 1.000000 1.000000
4132.248535 0.000000 1813.210815 0.000000 0.970263 0.000000 0.242054 1.000000 1.000000 1.000000
4153.342773 0.000000 1813.022583 0.000000 0.423393 0.000000 -0.905946 1.000000 1.000000 1.000000
4147.529297 0.000000 1809.400513 0.000000 0.643558 0.000000 -0.765397 1.000000 1.000000 1.000000
4169.291504 0.000000 1822.976562 0.000000 0.139500 0.000000 0.990222 1.000000 1.000000 1.000000
4190.490723 0.000000 1825.112183 0.000000 0.961950 0.000000 0.273225 1.000000 1.000000 1.000000
4191.857422 0.000000 1795.415161 0.000000 0.993336 0.000000 0.115251 1.000000 1.000000 1.000000
4190.555664 0.000000 1793.052612 0.000000 0.978461 0.000000 0.206431 1.000000 1.000000 1.000000
5103.014160 0.000000 1975.067627 0.000000 0.960349 0.000000 0.278802 1.000000 1.000000 1.000000
5080.893555 0.000000 1950.000122 0.000000 0.924110 0.000000 0.382126 1.000000 1.000000 1.000000
5087.846680 0.000000 1967.702393 0.000000 0.739482 0.000000 -0.673177 1.000000 1.000000 1.000000
5093.636719 0.000000 1983.136597 0.000000 0.232955 0.000000 0.972488 1.000000 1.000000 1.000000
5372.083008 0.000000 1762.208740 0.000000 0.457128 0.000000 0.889401 1.000000 1.000000 1.000000
5373.929688 0.000000 1763.146484 0.000000 0.601889 0.000000 0.798579 1.000000 1.000000 1.000000
5400.358887 0.000000 1749.910278 0.000000 0.903367 0.000000 -0.428868 1.000000 1.000000 1.000000
5379.601074 0.000000 1774.939209 0.000000 0.174513 0.000000 -0.984655 1.000000 1.000000 1.000000
5410.095215 0.000000 1771.606934 0.000000 0.802405 0.000000 0.596779 1.000000 1.000000 1.000000
5412.212402 0.000000 1771.698608 0.000000 0.793788 0.000000 -0.608195 1.000000 1.000000 1.000000
5377.524414 0.000000 1774.736816 0.000000 0.866696 0.000000 -0.498837 1.000000 1.000000 1.000000
5398.769043 0.000000 1749.274414 0.000000 0.457255 0.000000 0.889336 1.000000 1.000000 1.000000
5401.924805 0.000000 1750.150635 0.000000 0.087446 0.000000 -0.996169 1.000000 1.000000 1.000000
5376.082031 0.000000 1775.386841 0.000000 0.166739 0.000000 0.986001 1.000000 1.000000 1.000000
5399.623535 0.000000 1748.229980 0.000000 0.586946 0.000000 -0.809626 1.000000 1.000000 1.000000
5483.137695 0.000000 1767.656738 0.000000 0.875940 0.000000 0.482421 1.000000 1.000000 1.000000
5486.644043 0.000000 1765.190308 0.000000 0.194456 0.000000 0.980911 1.000000 1.000000 1.000000
5499.913574 0.000000 1757.549072 0.000000 0.261600 0.000000 -0.965176 1.000000 1.000000 1.000000
5487.787109 0.000000 1765.608643 0.000000 0.899671 0.000000 -0.436568 1.000000 1.000000 1.000000
5526.642578 0.000000 1756.112915 0.000000 0.779272 0.000000 -0.626686 1.000000 1.000000 1.000000
5527.258789 0.000000 1757.605347 0.000000 0.217403 0.000000 -0.976082 1.000000 1.000000 1.000000
5526.408203 0.000000 1754.096924 0.000000 0.368159 0.000000 -0.929763 1.000000 1.000000 1.000000
5529.393066 0.000000 1760.172241 0.000000 0.986809 0.000000 0.161888 1.000000 1.000000 1.000000
5572.681152 0.000000 1751.904541 0.000000 0.854749 0.000000 0.519042 1.000000 1.000000 1.000000
5606.117188 0.000000 1758.653198 0.000000 0.944356 0.000000 0.328925 1.000000 1.000000 1.000000
5574.288574 0.000000 1752.387573 0.000000 0.042081 0.000000 -0.999114 1.000000 1.000000 1.000000
5346.332031 0.000000 1795.268188 0.000000 0.730278 0.000000 0.683150 1.000000 1.000000 1.000000
5346.757324 0.000000 1797.261597 0.000000 0.755834 0.000000 -0.654763 1.000000 1.000000 1.000000
5348.094727 0.000000 1832.599487 0.000000 0.967665 0.000000 0.252238 1.000000 1.000000 1.000000
5121.416016 0.000000 1952.897705 0.000000 0.956255 0.000000 -0.292535 1.000000 1.000000 1.000000
5558.732422 0.000000 1829.861938 0.000000 0.856274 0.000000 -0.516522 1.000000 1.000000 1.000000
5676.259277 0.000000 1657.831055 0.000000 0.633526 0.000000 -0.773721 1.000000 1.000000 1.000000
5687.291504 0.000000 1618.025391 0.000000 0.027465 0.000000 0.999623 1.000000 1.000000 1.000000
5685.313965 0.000000 1656.287842 0.000000 0.993488 0.000000 -0.113936 1.000000 1.000000 1.000000
5674.374512 0.000000 1640.868896 0.000000 0.860805 0.000000 0.508935 1.000000 1.000000 1.000000
5694.962402 0.000000 1660.274902 0.000000 0.988039 0.000000 -0.154203 1.000000 1.000000 1.000000
5708.732422 0.000000 1656.057373 0.000000 0.184238 0.000000 0.982882 1.000000 1.000000 1.000000
5740.251465 0.000000 1657.831055 0.000000 0.787515 0.000000 -0.616295 1.000000 1.000000 1.000000
5742.936035 0.000000 1655.145752 0.000000 0.962734 0.000000 0.270450 1.000000 1.000000 1.000000
5706.701172 0.000000 1618.404785 0.000000 0.829579 0.000000 -0.558389 1.000000 1.000000 1.000000
5743.529785 0.000000 1656.530762 0.000000 0.958651 0.000000 0.284585 1.000000 1.000000 1.000000
5720.325195 0.000000 1613.148438 0.000000 0.950454 0.000000 0.310865 1.000000 1.000000 1.000000
5762.261230 0.000000 1626.027344 0.000000 0.598422 0.000000 0.801181 1.000000 1.000000 1.000000
4377.173340 0.000000 2167.276123 0.000000 0.954493 0.000000 0.298234 1.000000 1.000000 1.000000
4376.104004 0.000000 2143.476807 0.000000 0.638916 0.000000 -0.769277 1.000000 1.000000 1.000000
4385.824707 0.000000 2170.905029 0.000000 0.700484 0.000000 0.713668 1.000000 1.000000 1.000000
4385.173828 0.000000 2180.188477 0.000000 0.999947 0.000000 0.010312 1.000000 1.000000 1.000000
4371.593262 0.000000 2359.903320 0.000000 0.043564 0.000000 -0.999051 1.000000 1.000000 1.000000
4369.317871 0.000000 2335.473633 0.000000 0.738383 0.000000 -0.674382 1.000000 1.000000 1.000000
4371.536133 0.000000 2347.250000 0.000000 0.313155 0.000000 -0.949702 1.000000 1.000000 1.000000
4378.562988 0.000000 2365.824219 0.000000 0.610363 0.000000 0.792121 1.000000 1.000000 1.000000
4379.767090 0.000000 2365.178467 0.000000 0.471851 0.000000 -0.881678 1.000000 1.000000 1.000000
4376.753906 0.000000 2385.374268 0.000000 0.992612 0.000000 0.121330 1.000000 1.000000 1.000000
4369.317871 0.000000 2399.458008 0.000000 0.055444 0.000000 -0.998462 1.000000 1.000000 1.000000
"}
object={
	name="tree_cypress_01_generator_1_2"
	clamp_to_water_level=no
	render_under_water=no
	generated_content=yes
	layer="tree_high_layer"
	pdxmesh="tree_cypress_01_c_mesh"
	count=54
	transform="3759.720947 0.000000 1447.104980 0.000000 0.633044 0.000000 -0.774116 1.000000 1.000000 1.000000
3756.904785 0.000000 1430.926270 0.000000 0.994000 0.000000 0.109380 1.000000 1.000000 1.000000
3751.115234 0.000000 1435.717163 0.000000 0.215929 0.000000 0.976409 1.000000 1.000000 1.000000
3775.446777 0.000000 1444.014404 0.000000 0.997617 0.000000 -0.069001 1.000000 1.000000 1.000000
3753.823486 0.000000 1426.958496 0.000000 0.918326 0.000000 -0.395825 1.000000 1.000000 1.000000
3752.874268 0.000000 1426.594849 0.000000 0.854711 0.000000 -0.519104 1.000000 1.000000 1.000000
3775.575439 0.000000 1444.303101 0.000000 0.893148 0.000000 0.449763 1.000000 1.000000 1.000000
2922.117188 0.000000 2048.102539 0.000000 0.996522 0.000000 -0.083333 1.000000 1.000000 1.000000
2909.053711 0.000000 2059.291748 0.000000 0.860133 0.000000 0.510071 1.000000 1.000000 1.000000
2920.553955 0.000000 2048.094482 0.000000 0.272778 0.000000 0.962077 1.000000 1.000000 1.000000
4136.301270 0.000000 1676.947266 0.000000 0.592727 0.000000 -0.805403 1.000000 1.000000 1.000000
4141.389160 0.000000 1770.878662 0.000000 0.404790 0.000000 0.914410 1.000000 1.000000 1.000000
4132.833496 0.000000 1789.007812 0.000000 0.395329 0.000000 0.918540 1.000000 1.000000 1.000000
4140.794922 0.000000 1777.016602 0.000000 0.244633 0.000000 0.969616 1.000000 1.000000 1.000000
4158.925781 0.000000 1772.913574 0.000000 0.979147 0.000000 0.203151 1.000000 1.000000 1.000000
4164.176758 0.000000 1772.099121 0.000000 0.569059 0.000000 0.822297 1.000000 1.000000 1.000000
4165.876465 0.000000 1770.616455 0.000000 0.713065 0.000000 -0.701098 1.000000 1.000000 1.000000
4126.617188 0.000000 1813.024658 0.000000 0.932739 0.000000 -0.360552 1.000000 1.000000 1.000000
4151.303711 0.000000 1825.354492 0.000000 0.402032 0.000000 0.915626 1.000000 1.000000 1.000000
4163.908691 0.000000 1824.579590 0.000000 0.479259 0.000000 -0.877673 1.000000 1.000000 1.000000
4181.737305 0.000000 1814.764282 0.000000 0.162465 0.000000 -0.986714 1.000000 1.000000 1.000000
5116.274414 0.000000 1967.854858 0.000000 0.990981 0.000000 0.134001 1.000000 1.000000 1.000000
5092.508301 0.000000 1982.479736 0.000000 0.870416 0.000000 0.492317 1.000000 1.000000 1.000000
5088.958008 0.000000 1986.700562 0.000000 0.844664 0.000000 -0.535297 1.000000 1.000000 1.000000
5380.905273 0.000000 1786.134155 0.000000 0.662423 0.000000 0.749130 1.000000 1.000000 1.000000
5380.921387 0.000000 1791.515747 0.000000 0.504658 0.000000 -0.863319 1.000000 1.000000 1.000000
5398.331543 0.000000 1747.615723 0.000000 0.772628 0.000000 -0.634858 1.000000 1.000000 1.000000
5407.807129 0.000000 1756.233398 0.000000 0.999221 0.000000 0.039460 1.000000 1.000000 1.000000
5498.605469 0.000000 1754.171143 0.000000 0.995912 0.000000 0.090323 1.000000 1.000000 1.000000
5484.551758 0.000000 1763.967651 0.000000 0.740417 0.000000 0.672148 1.000000 1.000000 1.000000
5501.351562 0.000000 1757.479492 0.000000 0.950848 0.000000 -0.309658 1.000000 1.000000 1.000000
5487.857422 0.000000 1763.418335 0.000000 0.815320 0.000000 -0.579010 1.000000 1.000000 1.000000
5528.735352 0.000000 1764.308838 0.000000 0.893207 0.000000 0.449645 1.000000 1.000000 1.000000
5527.291504 0.000000 1763.111572 0.000000 0.944370 0.000000 -0.328884 1.000000 1.000000 1.000000
5607.841309 0.000000 1759.381226 0.000000 0.909592 0.000000 0.415502 1.000000 1.000000 1.000000
5363.564453 0.000000 1813.291748 0.000000 0.997005 0.000000 0.077337 1.000000 1.000000 1.000000
5120.088867 0.000000 1953.696899 0.000000 0.093211 0.000000 0.995646 1.000000 1.000000 1.000000
5121.665039 0.000000 1951.458252 0.000000 0.957864 0.000000 -0.287222 1.000000 1.000000 1.000000
5381.070801 0.000000 1792.108521 0.000000 0.569247 0.000000 0.822167 1.000000 1.000000 1.000000
5685.682129 0.000000 1654.384399 0.000000 0.814517 0.000000 -0.580140 1.000000 1.000000 1.000000
5670.625488 0.000000 1653.790649 0.000000 0.863690 0.000000 -0.504024 1.000000 1.000000 1.000000
5682.096191 0.000000 1655.499390 0.000000 0.986859 0.000000 0.161581 1.000000 1.000000 1.000000
5681.079590 0.000000 1630.914917 0.000000 0.938401 0.000000 -0.345547 1.000000 1.000000 1.000000
5718.032227 0.000000 1613.929077 0.000000 0.998834 0.000000 0.048266 1.000000 1.000000 1.000000
5706.521973 0.000000 1621.866821 0.000000 0.464027 0.000000 0.885821 1.000000 1.000000 1.000000
5706.187988 0.000000 1656.681519 0.000000 0.258643 0.000000 0.965973 1.000000 1.000000 1.000000
5701.187500 0.000000 1625.761597 0.000000 0.806197 0.000000 0.591647 1.000000 1.000000 1.000000
5727.319336 0.000000 1654.087524 0.000000 0.583523 0.000000 0.812097 1.000000 1.000000 1.000000
5746.945312 0.000000 1619.868774 0.000000 0.864628 0.000000 0.502412 1.000000 1.000000 1.000000
4379.037109 0.000000 2143.734619 0.000000 0.994116 0.000000 -0.108319 1.000000 1.000000 1.000000
4374.590820 0.000000 2168.559570 0.000000 0.993637 0.000000 -0.112628 1.000000 1.000000 1.000000
4376.041504 0.000000 2169.787842 0.000000 0.022958 0.000000 -0.999736 1.000000 1.000000 1.000000
4371.017090 0.000000 2337.564697 0.000000 0.830270 0.000000 -0.557361 1.000000 1.000000 1.000000
4376.217773 0.000000 2383.418213 0.000000 0.807623 0.000000 -0.589700 1.000000 1.000000 1.000000
"}
