object={
	name="tree_palm_generator_1_0"
	clamp_to_water_level=no
	render_under_water=no
	generated_content=yes
	layer="tree_high_layer"
	pdxmesh="tree_palm_01_a_mesh"
	count=605
	transform="4984.038574 0.000000 1268.057251 0.000000 0.764347 0.000000 0.644805 0.696081 0.696081 0.696081
4973.041504 0.000000 1268.158447 0.000000 0.265483 0.000000 -0.964116 0.705461 0.705461 0.705461
4987.949219 0.000000 1276.423828 0.000000 0.639427 0.000000 -0.768852 0.702452 0.702452 0.702452
4987.855957 0.000000 1259.512573 0.000000 0.736019 0.000000 0.676961 0.694802 0.694802 0.694802
4977.760254 0.000000 1276.095581 0.000000 0.999994 0.000000 0.003347 0.699972 0.699972 0.699972
4978.574219 0.000000 1270.268677 0.000000 0.835457 0.000000 -0.549555 0.708948 0.708948 0.708948
4983.052734 0.000000 1273.453613 0.000000 0.978225 0.000000 0.207548 0.697662 0.697662 0.697662
4993.366211 0.000000 1258.714478 0.000000 0.674886 0.000000 -0.737922 0.712764 0.712764 0.712764
5031.711914 0.000000 1277.643799 0.000000 0.549588 0.000000 -0.835436 0.715208 0.715208 0.715208
5018.360352 0.000000 1257.508667 0.000000 0.993819 0.000000 0.111008 0.698756 0.698756 0.698756
5037.033691 0.000000 1268.158447 0.000000 0.897763 0.000000 -0.440478 0.703826 0.703826 0.703826
5041.752441 0.000000 1276.095581 0.000000 0.734280 0.000000 0.678847 0.694784 0.694784 0.694784
4999.951660 0.000000 1265.571289 0.000000 0.250715 0.000000 -0.968061 0.705525 0.705525 0.705525
5015.061523 0.000000 1266.118652 0.000000 0.862599 0.000000 0.505888 0.697775 0.697775 0.697775
4991.891602 0.000000 1266.819702 0.000000 0.744889 0.000000 0.667189 0.696936 0.696936 0.696936
5030.342285 0.000000 1268.091675 0.000000 0.992461 0.000000 -0.122558 0.700687 0.700687 0.700687
4999.647461 0.000000 1259.195557 0.000000 0.998664 0.000000 -0.051670 0.700361 0.700361 0.700361
5036.337402 0.000000 1273.924805 0.000000 0.686599 0.000000 0.727036 0.687482 0.687482 0.687482
5013.455566 0.000000 1260.325928 0.000000 0.755584 0.000000 -0.655051 0.707989 0.707989 0.707989
4995.647949 0.000000 1263.064209 0.000000 0.872236 0.000000 0.489085 0.694284 0.694284 0.694284
5035.931641 0.000000 1278.468506 0.000000 0.990683 0.000000 -0.136187 0.702101 0.702101 0.702101
4819.039063 0.000000 1381.891113 0.000000 0.117799 0.000000 0.993037 0.689845 0.689845 0.689845
4817.495117 0.000000 1396.116089 0.000000 0.209156 0.000000 -0.977882 0.713310 0.713310 0.713310
4824.821289 0.000000 1380.402588 0.000000 0.035899 0.000000 0.999355 0.682833 0.682833 0.682833
4787.118652 0.000000 1444.490601 0.000000 0.804244 0.000000 0.594299 0.699110 0.699110 0.699110
4800.916016 0.000000 1423.512695 0.000000 0.978859 0.000000 0.204534 0.699136 0.699136 0.699136
4820.379883 0.000000 1530.686890 0.000000 0.295828 0.000000 0.955241 0.687567 0.687567 0.687567
4839.735352 0.000000 1533.581299 0.000000 0.868550 0.000000 -0.495602 0.704350 0.704350 0.704350
4815.854980 0.000000 1516.998657 0.000000 0.362957 0.000000 -0.931806 0.710061 0.710061 0.710061
4839.341797 0.000000 1497.224365 0.000000 0.792563 0.000000 0.609790 0.696333 0.696333 0.696333
4804.666992 0.000000 1509.672852 0.000000 0.776011 0.000000 -0.630719 0.707633 0.707633 0.707633
4894.339844 0.000000 1307.946899 0.000000 0.992656 0.000000 0.120971 0.698983 0.698983 0.698983
4894.104980 0.000000 1328.354614 0.000000 0.940239 0.000000 0.340516 0.697085 0.697085 0.697085
4928.900391 0.000000 1295.543945 0.000000 0.978485 0.000000 0.206317 0.699419 0.699419 0.699419
4950.372070 0.000000 1311.119385 0.000000 0.975410 0.000000 -0.220398 0.700311 0.700311 0.700311
4982.451660 0.000000 1280.439697 0.000000 0.875090 0.000000 -0.483961 0.700706 0.700706 0.700706
4961.187500 0.000000 1300.599487 0.000000 0.992315 0.000000 0.123741 0.699653 0.699653 0.699653
4979.850098 0.000000 1304.790039 0.000000 0.995193 0.000000 -0.097932 0.701097 0.701097 0.701097
4865.381836 0.000000 1386.683228 0.000000 0.854496 0.000000 0.519457 0.695418 0.695418 0.695418
4883.031250 0.000000 1381.891113 0.000000 0.991418 0.000000 -0.130727 0.701466 0.701466 0.701466
4904.841309 0.000000 1345.743042 0.000000 0.931021 0.000000 -0.364966 0.703656 0.703656 0.703656
4897.657227 0.000000 1404.824951 0.000000 0.983169 0.000000 0.182700 0.698459 0.698459 0.698459
4948.364258 0.000000 1402.718140 0.000000 0.957702 0.000000 -0.287763 0.701224 0.701224 0.701224
4929.374023 0.000000 1386.683228 0.000000 0.344818 0.000000 0.938670 0.696592 0.696592 0.696592
5012.356445 0.000000 1338.733765 0.000000 0.663223 0.000000 0.748422 0.698818 0.698818 0.698818
5034.375977 0.000000 1287.634155 0.000000 0.980911 0.000000 -0.194457 0.701094 0.701094 0.701094
5022.705078 0.000000 1335.621338 0.000000 0.156922 0.000000 0.987611 0.684194 0.684194 0.684194
5026.886230 0.000000 1280.250000 0.000000 0.999983 0.000000 -0.005877 0.700066 0.700066 0.700066
4999.951660 0.000000 1329.555664 0.000000 0.155251 0.000000 0.987875 0.694066 0.694066 0.694066
5015.061523 0.000000 1330.103027 0.000000 0.936204 0.000000 0.351457 0.696485 0.696485 0.696485
5038.940430 0.000000 1281.115601 0.000000 0.993493 0.000000 0.113889 0.699362 0.699362 0.699362
5022.089355 0.000000 1328.354614 0.000000 0.977363 0.000000 0.211568 0.697914 0.697914 0.697914
5032.825684 0.000000 1281.758667 0.000000 0.731755 0.000000 0.681568 0.687419 0.687419 0.687419
5017.095215 0.000000 1335.479370 0.000000 0.623493 0.000000 0.781829 0.689961 0.689961 0.689961
5028.817383 0.000000 1285.431641 0.000000 0.998007 0.000000 -0.063110 0.700795 0.700795 0.700795
5020.059082 0.000000 1332.097168 0.000000 0.996811 0.000000 0.079800 0.698771 0.698771 0.698771
5019.757813 0.000000 1351.336548 0.000000 0.393148 0.000000 0.919475 0.698369 0.698369 0.698369
5028.738770 0.000000 1376.802246 0.000000 0.903919 0.000000 -0.427703 0.701236 0.701236 0.701236
5051.941406 0.000000 1404.392578 0.000000 0.787166 0.000000 0.616741 0.632172 0.632172 0.632172
5045.379395 0.000000 1405.738037 0.000000 0.620685 0.000000 -0.784060 0.718899 0.718899 0.718899
5048.910156 0.000000 1406.006348 0.000000 0.973294 0.000000 -0.229561 0.749222 0.749222 0.749222
5054.345215 0.000000 1406.326904 0.000000 0.815325 0.000000 -0.579003 0.785468 0.785468 0.785468
5051.188477 0.000000 1406.837280 0.000000 0.967139 0.000000 -0.254248 0.753191 0.753191 0.753191
5049.787598 0.000000 1404.173340 0.000000 0.040425 0.000000 0.999183 0.533115 0.533115 0.533115
5047.148926 0.000000 1406.400879 0.000000 0.879512 0.000000 0.475877 0.622341 0.622341 0.622341
5052.694824 0.000000 1406.123779 0.000000 0.991245 0.000000 -0.132035 0.722216 0.722216 0.722216
5049.841797 0.000000 1407.000977 0.000000 0.074775 0.000000 -0.997200 1.017899 1.017899 1.017899
5052.312988 0.000000 1407.445679 0.000000 0.901632 0.000000 0.432504 0.624963 0.624963 0.624963
5047.418945 0.000000 1407.639038 0.000000 0.814940 0.000000 0.579545 0.603205 0.603205 0.603205
5053.443359 0.000000 1407.106689 0.000000 0.857908 0.000000 0.513804 0.609470 0.609470 0.609470
5048.471680 0.000000 1407.128174 0.000000 0.121399 0.000000 0.992604 0.392058 0.392058 0.392058
5055.484863 0.000000 1404.743530 0.000000 0.997509 0.000000 0.070539 0.697138 0.697138 0.697138
5057.139160 0.000000 1406.733154 0.000000 0.923861 0.000000 -0.382729 0.741182 0.741182 0.741182
5055.481445 0.000000 1406.521973 0.000000 0.802569 0.000000 0.596559 0.611528 0.611528 0.611528
4898.901855 0.000000 1408.218750 0.000000 0.297881 0.000000 0.954603 0.685814 0.685814 0.685814
4864.908203 0.000000 1487.497070 0.000000 0.165675 0.000000 -0.986180 0.715707 0.715707 0.715707
4886.379883 0.000000 1503.072510 0.000000 0.653173 0.000000 0.757209 0.692794 0.692794 0.692794
4921.816895 0.000000 1485.166138 0.000000 0.736585 0.000000 -0.676345 0.708308 0.708308 0.708308
5046.443848 0.000000 1408.408447 0.000000 0.276226 0.000000 0.961093 0.454546 0.454546 0.454546
5051.848145 0.000000 1451.465698 0.000000 0.999876 0.000000 0.015772 0.695347 0.695347 0.695347
5051.055176 0.000000 1414.033813 0.000000 0.784425 0.000000 0.620224 0.669134 0.669134 0.669134
5053.557617 0.000000 1458.742432 0.000000 0.701903 0.000000 0.712273 0.627961 0.627961 0.627961
5048.084473 0.000000 1447.252441 0.000000 0.248170 0.000000 -0.968717 0.735064 0.735064 0.735064
5053.038086 0.000000 1408.462769 0.000000 0.562022 0.000000 -0.827122 0.951909 0.951909 0.951909
5053.404785 0.000000 1417.924072 0.000000 0.697330 0.000000 0.716750 0.624028 0.624028 0.624028
5054.979492 0.000000 1454.506714 0.000000 0.987061 0.000000 -0.160343 0.750432 0.750432 0.750432
5053.700684 0.000000 1447.801392 0.000000 0.795392 0.000000 -0.606095 0.733683 0.733683 0.733683
5047.295410 0.000000 1412.210571 0.000000 0.287094 0.000000 -0.957902 0.785871 0.785871 0.785871
5054.576660 0.000000 1414.559204 0.000000 0.345935 0.000000 -0.938258 0.922992 0.922992 0.922992
5049.768066 0.000000 1409.624634 0.000000 0.133608 0.000000 0.991034 0.328386 0.328386 0.328386
5054.247070 0.000000 1421.046997 0.000000 0.985914 0.000000 0.167254 0.675802 0.675802 0.675802
5053.269531 0.000000 1411.813354 0.000000 0.880473 0.000000 -0.474097 0.827753 0.827753 0.827753
5052.282227 0.000000 1455.979858 0.000000 0.819613 0.000000 -0.572917 0.787849 0.787849 0.787849
5050.831055 0.000000 1446.276978 0.000000 0.866325 0.000000 -0.499481 0.765076 0.765076 0.765076
5055.010254 0.000000 1451.365967 0.000000 0.169936 0.000000 -0.985455 0.756763 0.756763 0.756763
5055.370117 0.000000 1429.525513 0.000000 0.943176 0.000000 0.332294 0.680583 0.680583 0.680583
5049.806641 0.000000 1449.542236 0.000000 0.969934 0.000000 0.243367 0.679378 0.679378 0.679378
5045.112793 0.000000 1410.699219 0.000000 0.375954 0.000000 -0.926638 0.769604 0.769604 0.769604
5051.116699 0.000000 1453.846313 0.000000 0.072810 0.000000 -0.997346 1.018318 1.018318 1.018318
5054.271484 0.000000 1426.248901 0.000000 0.999337 0.000000 -0.036414 0.702902 0.702902 0.702902
5049.813477 0.000000 1411.953491 0.000000 0.999610 0.000000 0.027943 0.694061 0.694061 0.694061
5054.477051 0.000000 1456.662720 0.000000 0.662079 0.000000 0.749434 0.504566 0.504566 0.504566
5053.267578 0.000000 1453.128906 0.000000 0.988207 0.000000 0.153126 0.656370 0.656370 0.656370
5048.737305 0.000000 1407.726807 0.000000 0.901876 0.000000 -0.431995 0.794927 0.794927 0.794927
5052.188965 0.000000 1449.332764 0.000000 0.040699 0.000000 -0.999171 0.956699 0.956699 0.956699
5050.978516 0.000000 1407.773193 0.000000 0.901270 0.000000 -0.433257 0.792719 0.792719 0.792719
5049.069824 0.000000 1453.185791 0.000000 0.638043 0.000000 -0.770001 0.750376 0.750376 0.750376
5048.917480 0.000000 1413.982300 0.000000 0.742044 0.000000 0.670351 0.619884 0.619884 0.619884
5055.220215 0.000000 1423.016724 0.000000 0.704884 0.000000 -0.709322 0.782682 0.782682 0.782682
5051.726074 0.000000 1410.415039 0.000000 0.942690 0.000000 0.333670 0.614390 0.614390 0.614390
5054.676758 0.000000 1410.206665 0.000000 0.988757 0.000000 0.149533 0.661179 0.661179 0.661179
5047.437012 0.000000 1410.216797 0.000000 0.954183 0.000000 0.299224 0.653692 0.653692 0.653692
5049.875488 0.000000 1451.391357 0.000000 0.316423 0.000000 0.948618 0.586512 0.586512 0.586512
5052.737305 0.000000 1414.679810 0.000000 0.484489 0.000000 -0.874797 0.792316 0.792316 0.792316
5053.998535 0.000000 1449.857666 0.000000 0.927763 0.000000 -0.373171 0.764158 0.764158 0.764158
5048.063965 0.000000 1449.159058 0.000000 0.018175 0.000000 -0.999835 0.830240 0.830240 0.830240
5053.707031 0.000000 1416.173462 0.000000 0.063616 0.000000 -0.997974 0.843281 0.843281 0.843281
5050.396973 0.000000 1456.507568 0.000000 0.778301 0.000000 -0.627891 0.752199 0.752199 0.752199
5054.977051 0.000000 1412.496582 0.000000 0.219416 0.000000 -0.975631 0.984907 0.984907 0.984907
5051.566895 0.000000 1412.367798 0.000000 0.999377 0.000000 0.035300 0.694620 0.694620 0.694620
5044.797852 0.000000 1408.986450 0.000000 0.579045 0.000000 -0.815295 0.779962 0.779962 0.779962
5052.109375 0.000000 1457.665527 0.000000 0.883236 0.000000 0.468928 0.570351 0.570351 0.570351
5051.911133 0.000000 1447.674927 0.000000 0.680578 0.000000 0.732676 0.597690 0.597690 0.597690
5054.809082 0.000000 1419.051758 0.000000 0.130433 0.000000 -0.991457 0.973796 0.973796 0.973796
5054.509277 0.000000 1407.783203 0.000000 0.992158 0.000000 0.124989 0.682655 0.682655 0.682655
5053.418945 0.000000 1454.834473 0.000000 0.796337 0.000000 0.604853 0.606460 0.606460 0.606460
5053.476074 0.000000 1413.332886 0.000000 0.965954 0.000000 0.258713 0.652804 0.652804 0.652804
5053.418457 0.000000 1451.268311 0.000000 0.354950 0.000000 -0.934885 0.892520 0.892520 0.892520
5054.739746 0.000000 1417.316284 0.000000 0.101979 0.000000 0.994787 0.272922 0.272922 0.272922
5048.868164 0.000000 1410.795532 0.000000 0.867723 0.000000 0.497048 0.589456 0.589456 0.589456
5053.152832 0.000000 1410.065552 0.000000 0.990474 0.000000 -0.137701 0.735729 0.735729 0.735729
5054.816406 0.000000 1452.991699 0.000000 0.726046 0.000000 0.687647 0.571731 0.571731 0.571731
5051.086914 0.000000 1450.247681 0.000000 0.987055 0.000000 0.160379 0.652484 0.652484 0.652484
5051.622070 0.000000 1409.042480 0.000000 0.602021 0.000000 -0.798480 0.939184 0.939184 0.939184
5046.113770 0.000000 1409.742065 0.000000 0.464577 0.000000 0.885533 0.493199 0.493199 0.493199
5050.867188 0.000000 1452.493286 0.000000 0.435502 0.000000 0.900188 0.461950 0.461950 0.461950
5050.940430 0.000000 1448.756470 0.000000 0.415890 0.000000 -0.909415 1.014494 1.014494 1.014494
5048.467773 0.000000 1409.195923 0.000000 0.155181 0.000000 -0.987886 1.065975 1.065975 1.065975
5046.016602 0.000000 1411.783325 0.000000 0.575734 0.000000 -0.817637 0.845882 0.845882 0.845882
5054.729492 0.000000 1457.969238 0.000000 0.335282 0.000000 -0.942118 0.983482 0.983482 0.983482
5050.017578 0.000000 1413.231201 0.000000 0.105907 0.000000 0.994376 0.476797 0.476797 0.476797
5050.467773 0.000000 1410.786011 0.000000 0.355518 0.000000 -0.934669 1.003827 1.003827 1.003827
5053.300781 0.000000 1457.161987 0.000000 0.844155 0.000000 0.536100 0.549702 0.549702 0.549702
5052.088867 0.000000 1454.712769 0.000000 0.999549 0.000000 -0.030038 0.704326 0.704326 0.704326
5052.036133 0.000000 1452.964966 0.000000 0.730636 0.000000 0.682767 0.486706 0.486706 0.486706
5052.192871 0.000000 1413.518066 0.000000 0.667094 0.000000 0.744974 0.548416 0.548416 0.548416
5055.017578 0.000000 1408.990723 0.000000 0.499085 0.000000 -0.866553 0.950606 0.950606 0.950606
5049.796875 0.000000 1408.338745 0.000000 0.255297 0.000000 -0.966863 1.039505 1.039505 1.039505
5054.486816 0.000000 1411.415771 0.000000 0.999244 0.000000 -0.038871 0.710056 0.710056 0.710056
5047.600586 0.000000 1408.051270 0.000000 0.387125 0.000000 -0.922027 0.923085 0.923085 0.923085
5054.808105 0.000000 1415.817017 0.000000 0.716775 0.000000 -0.697305 0.841322 0.841322 0.841322
5054.394531 0.000000 1455.516113 0.000000 0.712695 0.000000 -0.701474 0.943476 0.943476 0.943476
5056.884766 0.000000 1423.512695 0.000000 0.574948 0.000000 0.818190 0.391868 0.391868 0.391868
5057.358398 0.000000 1450.667603 0.000000 0.664730 0.000000 0.747084 0.694102 0.694102 0.694102
5055.755371 0.000000 1410.949341 0.000000 0.958184 0.000000 0.286153 0.624939 0.624939 0.624939
5063.943848 0.000000 1457.524414 0.000000 0.986212 0.000000 -0.165487 0.714411 0.714411 0.714411
5055.883789 0.000000 1458.772827 0.000000 0.993986 0.000000 -0.109505 0.707363 0.707363 0.707363
5057.700195 0.000000 1417.118042 0.000000 0.881660 0.000000 -0.471886 0.763896 0.763896 0.763896
5060.294434 0.000000 1461.077026 0.000000 0.979080 0.000000 0.203475 0.673931 0.673931 0.673931
5059.640137 0.000000 1455.017334 0.000000 0.767782 0.000000 -0.640711 0.727223 0.727223 0.727223
5057.727539 0.000000 1428.234619 0.000000 0.875906 0.000000 -0.482482 0.802771 0.802771 0.802771
5064.643555 0.000000 1462.482788 0.000000 0.842315 0.000000 -0.538986 0.727854 0.727854 0.727854
5059.551758 0.000000 1408.909912 0.000000 0.619938 0.000000 0.784651 0.601623 0.601623 0.601623
5099.923828 0.000000 1470.421631 0.000000 0.604137 0.000000 -0.796880 0.736097 0.736097 0.736097
5055.590332 0.000000 1454.091553 0.000000 0.999804 0.000000 0.019780 0.693805 0.693805 0.693805
5058.663574 0.000000 1413.527710 0.000000 0.078352 0.000000 -0.996926 0.862741 0.862741 0.862741
5060.871094 0.000000 1425.978638 0.000000 0.307807 0.000000 0.951449 0.668344 0.668344 0.668344
5055.503418 0.000000 1420.143799 0.000000 0.993986 0.000000 -0.109512 0.715801 0.715801 0.715801
5067.891113 0.000000 1460.545776 0.000000 0.810931 0.000000 -0.585141 0.810107 0.810107 0.810107
5055.407227 0.000000 1414.340088 0.000000 0.629316 0.000000 -0.777150 0.863023 0.863023 0.863023
5058.728027 0.000000 1420.718994 0.000000 0.966358 0.000000 0.257201 0.677089 0.677089 0.677089
5055.914551 0.000000 1407.806152 0.000000 0.994010 0.000000 0.109285 0.684844 0.684844 0.684844
5060.791504 0.000000 1457.949585 0.000000 0.958897 0.000000 0.283753 0.670235 0.670235 0.670235
5055.454102 0.000000 1426.233643 0.000000 0.121059 0.000000 0.992645 0.584494 0.584494 0.584494
5066.528809 0.000000 1456.156372 0.000000 0.720089 0.000000 0.693882 0.659259 0.659259 0.659259
5062.923340 0.000000 1460.264648 0.000000 0.934698 0.000000 0.355442 0.641576 0.641576 0.641576
5059.616211 0.000000 1423.550171 0.000000 0.025554 0.000000 -0.999673 0.900912 0.900912 0.900912
5057.991699 0.000000 1430.957031 0.000000 0.780173 0.000000 0.625564 0.665984 0.665984 0.665984
5057.348633 0.000000 1456.553955 0.000000 0.998185 0.000000 -0.060217 0.707076 0.707076 0.707076
5058.155273 0.000000 1425.793823 0.000000 0.958932 0.000000 0.283636 0.653763 0.653763 0.653763
5058.349609 0.000000 1458.893066 0.000000 0.979608 0.000000 -0.200917 0.751190 0.751190 0.751190
5065.639160 0.000000 1459.450562 0.000000 0.466270 0.000000 -0.884642 0.956528 0.956528 0.956528
5059.916016 0.000000 1411.439453 0.000000 0.990505 0.000000 -0.137479 0.719089 0.719089 0.719089
5057.874512 0.000000 1453.123169 0.000000 0.962295 0.000000 -0.272006 0.711939 0.711939 0.711939
5055.454590 0.000000 1416.905151 0.000000 0.983161 0.000000 0.182742 0.646559 0.646559 0.646559
5067.408691 0.000000 1458.222534 0.000000 0.785875 0.000000 -0.618386 0.836083 0.836083 0.836083
5057.948242 0.000000 1410.575195 0.000000 0.109123 0.000000 -0.994028 1.049389 1.049389 1.049389
5061.683594 0.000000 1456.035522 0.000000 0.269964 0.000000 0.962870 0.565771 0.565771 0.565771
5056.168457 0.000000 1429.675049 0.000000 0.146707 0.000000 0.989180 0.409427 0.409427 0.409427
5057.308594 0.000000 1415.026978 0.000000 0.572259 0.000000 -0.820073 0.814265 0.814265 0.814265
5056.750488 0.000000 1412.741211 0.000000 0.299527 0.000000 -0.954088 0.944369 0.944369 0.944369
5059.414551 0.000000 1429.470581 0.000000 0.529964 0.000000 0.848020 0.609429 0.609429 0.609429
5057.398926 0.000000 1419.230225 0.000000 0.932087 0.000000 -0.362235 0.792760 0.792760 0.792760
5101.765625 0.000000 1471.313721 0.000000 0.079114 0.000000 0.996866 0.462269 0.462269 0.462269
5059.456543 0.000000 1427.300293 0.000000 0.922030 0.000000 0.387118 0.631089 0.631089 0.631089
5057.611816 0.000000 1408.686279 0.000000 0.896257 0.000000 -0.443536 0.789303 0.789303 0.789303
5056.828613 0.000000 1421.549561 0.000000 0.357168 0.000000 -0.934040 1.042148 1.042148 1.042148
5059.136230 0.000000 1456.994995 0.000000 0.507051 0.000000 0.861916 0.502441 0.502441 0.502441
5065.925293 0.000000 1461.195801 0.000000 0.971768 0.000000 0.235939 0.649717 0.649717 0.649717
5057.563477 0.000000 1454.814941 0.000000 0.126338 0.000000 0.991987 0.544539 0.544539 0.544539
5062.437500 0.000000 1458.556152 0.000000 0.199906 0.000000 0.979815 0.309401 0.309401 0.309401
5062.461426 0.000000 1461.925049 0.000000 0.995982 0.000000 0.089550 0.685583 0.685583 0.685583
5058.261719 0.000000 1422.455566 0.000000 0.749572 0.000000 -0.661923 0.794054 0.794054 0.794054
5055.721191 0.000000 1456.873657 0.000000 0.043567 0.000000 0.999051 0.347700 0.347700 0.347700
5055.628906 0.000000 1424.580200 0.000000 0.147913 0.000000 0.989000 0.576711 0.576711 0.576711
5055.449707 0.000000 1422.658569 0.000000 0.486754 0.000000 0.873539 0.588599 0.588599 0.588599
5060.102051 0.000000 1459.397461 0.000000 0.889626 0.000000 0.456689 0.550811 0.550811 0.550811
5055.837402 0.000000 1418.480347 0.000000 0.064556 0.000000 0.997914 0.413616 0.413616 0.413616
5056.194336 0.000000 1409.421631 0.000000 0.608249 0.000000 -0.793747 0.878191 0.878191 0.878191
5063.979980 0.000000 1459.085327 0.000000 0.882721 0.000000 -0.469897 0.839515 0.839515 0.839515
5064.428223 0.000000 1460.807617 0.000000 0.186198 0.000000 -0.982512 0.992069 0.992069 0.992069
5059.505859 0.000000 1425.066406 0.000000 0.973853 0.000000 0.227178 0.663153 0.663153 0.663153
5057.079590 0.000000 1426.883057 0.000000 0.147262 0.000000 0.989097 0.320016 0.320016 0.320016
5058.544922 0.000000 1412.012085 0.000000 0.657337 0.000000 -0.753597 0.793075 0.793075 0.793075
5061.536621 0.000000 1459.794067 0.000000 0.088238 0.000000 -0.996099 1.166325 1.166325 1.166325
5058.206543 0.000000 1424.188354 0.000000 0.991196 0.000000 0.132400 0.678650 0.678650 0.678650
5057.119141 0.000000 1457.994019 0.000000 0.166288 0.000000 0.986077 0.535149 0.535149 0.535149
5056.993652 0.000000 1424.912720 0.000000 0.234943 0.000000 0.972009 0.319639 0.319639 0.319639
5066.999023 0.000000 1459.514160 0.000000 0.201227 0.000000 -0.979545 0.979271 0.979271 0.979271
5055.440918 0.000000 1412.425903 0.000000 0.500463 0.000000 0.865758 0.479041 0.479041 0.479041
5055.998535 0.000000 1415.578613 0.000000 0.127789 0.000000 -0.991801 0.964218 0.964218 0.964218
5059.386230 0.000000 1410.226196 0.000000 0.922578 0.000000 -0.385810 0.754822 0.754822 0.754822
5057.931641 0.000000 1429.540161 0.000000 0.483259 0.000000 0.875477 0.482324 0.482324 0.482324
5057.014160 0.000000 1411.448730 0.000000 0.612549 0.000000 -0.790432 0.917915 0.917915 0.917915
5059.518555 0.000000 1458.248047 0.000000 0.455986 0.000000 0.889987 0.422324 0.422324 0.422324
5057.361328 0.000000 1420.456787 0.000000 0.937482 0.000000 0.348033 0.599114 0.599114 0.599114
5067.063965 0.000000 1461.440796 0.000000 0.078099 0.000000 0.996946 0.437066 0.437066 0.437066
5058.193359 0.000000 1457.656128 0.000000 0.269318 0.000000 0.963051 0.453181 0.453181 0.453181
5052.820313 0.000000 1492.464233 0.000000 0.541862 0.000000 0.840468 0.646972 0.646972 0.646972
5054.049805 0.000000 1495.956421 0.000000 0.822868 0.000000 0.568233 0.615507 0.615507 0.615507
5055.370117 0.000000 1493.509888 0.000000 0.817526 0.000000 0.575892 0.574734 0.574734 0.574734
5054.271484 0.000000 1490.233276 0.000000 0.319907 0.000000 0.947449 0.630367 0.630367 0.630367
5055.334473 0.000000 1495.024048 0.000000 0.218402 0.000000 0.975859 0.511174 0.511174 0.511174
5063.549805 0.000000 1500.965088 0.000000 0.695871 0.000000 -0.718167 0.768325 0.768325 0.768325
5098.368164 0.000000 1479.587280 0.000000 0.417281 0.000000 0.908777 0.486367 0.486367 0.486367
5089.171875 0.000000 1492.552612 0.000000 0.996907 0.000000 0.078589 0.699450 0.699450 0.699450
5055.613281 0.000000 1496.519165 0.000000 0.842341 0.000000 0.538945 0.680902 0.680902 0.680902
5096.924316 0.000000 1488.052734 0.000000 0.984136 0.000000 -0.177414 0.714463 0.714463 0.714463
5071.588379 0.000000 1498.228271 0.000000 0.030008 0.000000 -0.999550 0.878792 0.878792 0.878792
5064.184082 0.000000 1491.968750 0.000000 0.226335 0.000000 0.974049 0.692492 0.692492 0.692492
5102.932617 0.000000 1473.068726 0.000000 0.547661 0.000000 -0.836700 0.826108 0.826108 0.826108
5067.240723 0.000000 1487.069214 0.000000 0.902672 0.000000 0.430329 0.628477 0.628477 0.628477
5076.885254 0.000000 1497.904785 0.000000 0.984275 0.000000 0.176641 0.698014 0.698014 0.698014
5060.743652 0.000000 1495.967041 0.000000 0.072946 0.000000 -0.997336 0.909400 0.909400 0.909400
5070.122070 0.000000 1482.805664 0.000000 0.720160 0.000000 0.693808 0.688208 0.688208 0.688208
5066.554688 0.000000 1496.711792 0.000000 0.334689 0.000000 -0.942329 0.983627 0.983627 0.983627
5058.145020 0.000000 1501.182739 0.000000 0.692122 0.000000 0.721781 0.692108 0.692108 0.692108
5103.235840 0.000000 1480.514893 0.000000 0.492612 0.000000 -0.870249 0.763466 0.763466 0.763466
5091.671875 0.000000 1488.190674 0.000000 0.709076 0.000000 -0.705132 0.884910 0.884910 0.884910
5100.016113 0.000000 1484.299194 0.000000 0.920341 0.000000 0.391117 0.666292 0.666292 0.666292
5068.980957 0.000000 1492.424072 0.000000 0.575729 0.000000 -0.817641 0.948937 0.948937 0.948937
5057.727539 0.000000 1492.218994 0.000000 0.670168 0.000000 -0.742209 0.842653 0.842653 0.842653
5093.869141 0.000000 1492.314209 0.000000 0.497213 0.000000 -0.867629 0.720560 0.720560 0.720560
5095.617676 0.000000 1483.675659 0.000000 0.962268 0.000000 -0.272103 0.705009 0.705009 0.705009
5067.988770 0.000000 1501.274414 0.000000 0.827909 0.000000 -0.560863 0.770758 0.770758 0.770758
5074.332031 0.000000 1501.483398 0.000000 0.184434 0.000000 -0.982845 0.791027 0.791027 0.791027
5100.906250 0.000000 1476.566650 0.000000 0.876888 0.000000 0.480694 0.541562 0.541562 0.541562
5071.991211 0.000000 1494.660767 0.000000 0.997001 0.000000 -0.077391 0.716246 0.716246 0.716246
5099.698730 0.000000 1471.793579 0.000000 0.923972 0.000000 0.382460 0.684637 0.684637 0.684637
5070.538574 0.000000 1486.270020 0.000000 0.730378 0.000000 0.683043 0.642182 0.642182 0.642182
5064.529785 0.000000 1488.838745 0.000000 0.940951 0.000000 0.338543 0.692274 0.692274 0.692274
5058.347168 0.000000 1498.058594 0.000000 0.227553 0.000000 -0.973766 0.840635 0.840635 0.840635
5092.972168 0.000000 1485.372925 0.000000 0.450266 0.000000 0.892895 0.565751 0.565751 0.565751
5063.384766 0.000000 1497.762329 0.000000 0.691758 0.000000 -0.722130 0.942534 0.942534 0.942534
5055.454102 0.000000 1490.218018 0.000000 0.823453 0.000000 0.567384 0.666260 0.666260 0.666260
5060.829102 0.000000 1499.745483 0.000000 0.613673 0.000000 -0.789560 0.907396 0.907396 0.907396
5067.261719 0.000000 1483.925171 0.000000 0.871655 0.000000 0.490120 0.682813 0.682813 0.682813
5069.300781 0.000000 1489.225342 0.000000 0.473859 0.000000 0.880600 0.412374 0.412374 0.412374
5069.425781 0.000000 1496.203491 0.000000 0.828806 0.000000 -0.559536 0.827852 0.827852 0.827852
5074.220215 0.000000 1496.531494 0.000000 0.735508 0.000000 -0.677516 0.759319 0.759319 0.759319
5063.990234 0.000000 1494.948975 0.000000 0.195893 0.000000 0.980625 0.507957 0.507957 0.507957
5100.518555 0.000000 1481.502197 0.000000 0.094773 0.000000 0.995499 0.357479 0.357479 0.357479
5066.600098 0.000000 1493.898071 0.000000 0.999125 0.000000 -0.041830 0.703100 0.703100 0.703100
5089.266113 0.000000 1489.675293 0.000000 0.769675 0.000000 -0.638436 0.748406 0.748406 0.748406
5094.354492 0.000000 1489.489380 0.000000 0.814144 0.000000 0.580663 0.590863 0.590863 0.590863
5066.779297 0.000000 1490.436035 0.000000 0.615639 0.000000 0.788028 0.609909 0.609909 0.609909
5065.899902 0.000000 1499.477295 0.000000 0.514750 0.000000 0.857341 0.411976 0.411976 0.411976
5099.622070 0.000000 1487.175781 0.000000 0.859841 0.000000 0.510562 0.640818 0.640818 0.640818
5057.991699 0.000000 1494.941406 0.000000 0.874011 0.000000 -0.485906 0.860320 0.860320 0.860320
5068.562012 0.000000 1498.706543 0.000000 0.963919 0.000000 0.266196 0.621646 0.621646 0.621646
5097.977051 0.000000 1482.299438 0.000000 0.780343 0.000000 -0.625351 0.757615 0.757615 0.757615
5091.534668 0.000000 1490.998291 0.000000 0.215586 0.000000 -0.976485 0.953567 0.953567 0.953567
5099.325195 0.000000 1474.350952 0.000000 0.960809 0.000000 -0.277212 0.731416 0.731416 0.731416
5097.645508 0.000000 1485.360229 0.000000 1.000000 0.000000 0.000602 0.699885 0.699885 0.699885
5100.987305 0.000000 1479.061279 0.000000 0.233107 0.000000 -0.972451 1.075298 1.075298 1.075298
5074.695313 0.000000 1499.084106 0.000000 0.608272 0.000000 -0.793729 0.897414 0.897414 0.897414
5095.355957 0.000000 1486.126709 0.000000 0.459050 0.000000 -0.888410 0.999744 0.999744 0.999744
5103.084961 0.000000 1475.545776 0.000000 0.404305 0.000000 -0.914624 0.888859 0.888859 0.888859
5098.574707 0.000000 1476.550415 0.000000 0.301104 0.000000 0.953591 0.544374 0.544374 0.544374
5071.770996 0.000000 1484.168701 0.000000 0.515891 0.000000 0.856654 0.605075 0.605075 0.605075
5056.168457 0.000000 1493.659424 0.000000 0.922215 0.000000 0.386678 0.632282 0.632282 0.632282
5070.503418 0.000000 1490.989258 0.000000 0.323465 0.000000 -0.946240 0.837110 0.837110 0.837110
5072.688477 0.000000 1500.110229 0.000000 0.837823 0.000000 0.545941 0.652363 0.652363 0.652363
5069.887695 0.000000 1500.279419 0.000000 0.808703 0.000000 0.588217 0.643733 0.643733 0.643733
5069.241699 0.000000 1484.672363 0.000000 0.986188 0.000000 0.165629 0.651380 0.651380 0.651380
5059.414551 0.000000 1493.454956 0.000000 0.534031 0.000000 0.845465 0.639436 0.639436 0.639436
5093.751465 0.000000 1487.333008 0.000000 0.104945 0.000000 -0.994478 1.050394 1.050394 1.050394
5070.076172 0.000000 1494.233521 0.000000 0.922008 0.000000 0.387172 0.616627 0.616627 0.616627
5101.247559 0.000000 1474.649414 0.000000 0.998891 0.000000 -0.047088 0.714949 0.714949 0.714949
5102.563965 0.000000 1477.524292 0.000000 0.939596 0.000000 -0.342286 0.736143 0.736143 0.736143
5061.265625 0.000000 1497.792847 0.000000 0.990656 0.000000 -0.136385 0.739593 0.739593 0.739593
5073.805176 0.000000 1494.330688 0.000000 0.999841 0.000000 -0.017806 0.701593 0.701593 0.701593
5065.623535 0.000000 1501.280640 0.000000 0.671734 0.000000 0.740792 0.626521 0.626521 0.626521
5066.003418 0.000000 1492.117798 0.000000 0.995327 0.000000 0.096567 0.692833 0.692833 0.692833
5068.307617 0.000000 1494.722046 0.000000 0.843882 0.000000 0.536529 0.563819 0.563819 0.563819
5070.876465 0.000000 1488.210571 0.000000 0.708085 0.000000 0.706127 0.636426 0.636426 0.636426
5096.180176 0.000000 1489.733398 0.000000 0.965819 0.000000 0.259218 0.678738 0.678738 0.678738
5072.310547 0.000000 1496.436157 0.000000 0.995640 0.000000 -0.093282 0.724945 0.724945 0.724945
5068.113770 0.000000 1482.333618 0.000000 0.923267 0.000000 0.384159 0.663617 0.663617 0.663617
5069.039063 0.000000 1487.245728 0.000000 0.725321 0.000000 0.688411 0.501491 0.501491 0.501491
5101.102051 0.000000 1472.870605 0.000000 0.197674 0.000000 -0.980268 1.129606 1.129606 1.129606
5099.498535 0.000000 1478.038086 0.000000 0.778852 0.000000 -0.627207 0.827010 0.827010 0.827010
5062.038574 0.000000 1494.769531 0.000000 0.606874 0.000000 -0.794798 0.828437 0.828437 0.828437
5064.676758 0.000000 1496.571045 0.000000 0.704326 0.000000 -0.709876 0.914084 0.914084 0.914084
5062.549316 0.000000 1499.323730 0.000000 0.862403 0.000000 -0.506222 0.847676 0.847676 0.847676
5059.086426 0.000000 1496.416382 0.000000 0.283362 0.000000 0.959013 0.301639 0.301639 0.301639
5073.289063 0.000000 1498.004639 0.000000 0.725444 0.000000 0.688282 0.507905 0.507905 0.507905
5067.653320 0.000000 1488.741455 0.000000 0.576780 0.000000 0.816899 0.566343 0.566343 0.566343
5066.275391 0.000000 1485.409424 0.000000 0.705522 0.000000 -0.708688 0.811218 0.811218 0.811218
5057.411621 0.000000 1496.638550 0.000000 0.409859 0.000000 -0.912149 0.852539 0.852539 0.852539
5092.566406 0.000000 1489.658447 0.000000 0.251371 0.000000 0.967891 0.287653 0.287653 0.287653
5068.550781 0.000000 1490.763428 0.000000 0.990684 0.000000 -0.136180 0.741825 0.741825 0.741825
5070.874512 0.000000 1492.760498 0.000000 0.928635 0.000000 0.370996 0.628795 0.628795 0.628795
5062.351074 0.000000 1496.450073 0.000000 0.996439 0.000000 -0.084323 0.725376 0.725376 0.725376
5103.873535 0.000000 1478.975708 0.000000 0.309616 0.000000 0.950862 0.592885 0.592885 0.592885
5101.833984 0.000000 1484.735840 0.000000 0.374294 0.000000 0.927310 0.600416 0.600416 0.600416
5059.144531 0.000000 1499.586426 0.000000 0.923867 0.000000 -0.382713 0.741180 0.741180 0.741180
5095.274414 0.000000 1487.968140 0.000000 0.985394 0.000000 0.170292 0.653108 0.653108 0.653108
5064.171875 0.000000 1499.233398 0.000000 0.847247 0.000000 0.531199 0.543412 0.543412 0.543412
5098.375977 0.000000 1483.896606 0.000000 0.352679 0.000000 -0.935745 1.035050 1.035050 1.035050
5065.726074 0.000000 1495.267578 0.000000 0.914829 0.000000 0.403841 0.635488 0.635488 0.635488
5069.962402 0.000000 1497.937378 0.000000 0.998099 0.000000 0.061629 0.686723 0.686723 0.686723
5101.073730 0.000000 1483.109741 0.000000 0.509946 0.000000 0.860206 0.550862 0.550862 0.550862
5094.096680 0.000000 1484.228271 0.000000 0.915457 0.000000 0.402415 0.655416 0.655416 0.655416
5066.040527 0.000000 1488.284912 0.000000 0.583666 0.000000 0.811994 0.567525 0.567525 0.567525
5066.948730 0.000000 1498.249512 0.000000 0.133230 0.000000 -0.991085 1.168157 1.168157 1.168157
5090.912109 0.000000 1489.545410 0.000000 0.526701 0.000000 0.850050 0.459927 0.459927 0.459927
5068.062012 0.000000 1485.732666 0.000000 0.277782 0.000000 -0.960644 1.076732 1.076732 1.076732
5098.032227 0.000000 1486.888062 0.000000 0.887132 0.000000 -0.461516 0.752982 0.752982 0.752982
5098.984375 0.000000 1481.043091 0.000000 0.370356 0.000000 0.928890 0.445154 0.445154 0.445154
5099.557129 0.000000 1482.766602 0.000000 0.265577 0.000000 -0.964090 1.060414 1.060414 1.060414
5065.364746 0.000000 1497.978394 0.000000 0.985468 0.000000 0.169861 0.653705 0.653705 0.653705
5068.246094 0.000000 1497.184937 0.000000 0.299562 0.000000 -0.954077 0.972694 0.972694 0.972694
5099.131348 0.000000 1485.717407 0.000000 0.265103 0.000000 -0.964220 1.066013 1.066013 1.066013
5070.932617 0.000000 1495.773315 0.000000 0.725955 0.000000 0.687742 0.540961 0.540961 0.540961
5067.373535 0.000000 1499.847046 0.000000 0.727098 0.000000 -0.686533 0.946498 0.946498 0.946498
5056.448242 0.000000 1495.133667 0.000000 0.892624 0.000000 0.450803 0.552235 0.552235 0.552235
5101.669922 0.000000 1480.400513 0.000000 0.313301 0.000000 0.949654 0.409407 0.409407 0.409407
5060.566406 0.000000 1494.399414 0.000000 0.916195 0.000000 0.400734 0.642355 0.642355 0.642355
5071.183105 0.000000 1499.600220 0.000000 0.962001 0.000000 -0.273045 0.732091 0.732091 0.732091
5096.184082 0.000000 1484.994141 0.000000 0.793078 0.000000 -0.609119 0.824530 0.824530 0.824530
5099.994629 0.000000 1480.097534 0.000000 0.785250 0.000000 0.619179 0.557177 0.557177 0.557177
5096.671875 0.000000 1486.642334 0.000000 0.873527 0.000000 0.486776 0.560689 0.560689 0.560689
5067.068848 0.000000 1495.392578 0.000000 0.223714 0.000000 -0.974655 0.987738 0.987738 0.987738
5059.421875 0.000000 1495.111572 0.000000 0.865992 0.000000 0.500059 0.581396 0.581396 0.581396
5057.931641 0.000000 1493.524536 0.000000 0.358412 0.000000 0.933564 0.494601 0.494601 0.494601
5093.324219 0.000000 1488.574219 0.000000 0.999796 0.000000 0.020212 0.693670 0.693670 0.693670
5102.498047 0.000000 1474.384766 0.000000 0.851332 0.000000 0.524627 0.609662 0.609662 0.609662
5101.209961 0.000000 1477.809570 0.000000 0.042668 0.000000 -0.999089 1.182828 1.182828 1.182828
5094.023438 0.000000 1486.061279 0.000000 0.547753 0.000000 -0.836640 0.971588 0.971588 0.971588
5070.894531 0.000000 1497.050171 0.000000 0.582118 0.000000 0.813104 0.474339 0.474339 0.474339
5068.433105 0.000000 1493.511475 0.000000 0.421927 0.000000 -0.906630 0.995205 0.995205 0.995205
5060.249023 0.000000 1497.119263 0.000000 0.948646 0.000000 0.316341 0.606851 0.606851 0.606851
5063.529297 0.000000 1496.145264 0.000000 0.276881 0.000000 -0.960904 1.087829 1.087829 1.087829
5101.869629 0.000000 1475.730835 0.000000 0.762212 0.000000 0.647328 0.476554 0.476554 0.476554
5069.313965 0.000000 1486.092407 0.000000 0.992553 0.000000 0.121814 0.668074 0.668074 0.668074
5100.062500 0.000000 1473.407349 0.000000 0.712286 0.000000 0.701889 0.456342 0.456342 0.456342
5068.139160 0.000000 1495.887085 0.000000 0.461497 0.000000 -0.887142 0.962377 0.962377 0.962377
5069.630859 0.000000 1499.153442 0.000000 0.574285 0.000000 -0.818656 0.978894 0.978894 0.978894
5072.433594 0.000000 1498.997070 0.000000 0.583884 0.000000 0.811837 0.460288 0.460288 0.460288
5092.620605 0.000000 1487.293091 0.000000 0.560874 0.000000 -0.827901 0.933178 0.933178 0.933178
5069.729492 0.000000 1488.170776 0.000000 0.967697 0.000000 -0.252116 0.768057 0.768057 0.768057
4810.795410 0.000000 1536.411865 0.000000 0.870193 0.000000 -0.492711 0.700720 0.700720 0.700720
4820.988281 0.000000 1535.979004 0.000000 0.696326 0.000000 0.717726 0.695523 0.695523 0.695523
4806.202148 0.000000 1540.312500 0.000000 0.871381 0.000000 0.490607 0.695699 0.695699 0.695699
4385.257813 0.000000 2580.286865 0.000000 0.010534 0.000000 -0.999945 0.800342 0.800342 0.800342
4393.010254 0.000000 2575.787109 0.000000 0.999171 0.000000 0.040715 0.699374 0.699374 0.699374
4413.116211 0.000000 2560.181641 0.000000 0.979769 0.000000 0.200130 0.690704 0.690704 0.690704
4372.971191 0.000000 2585.639160 0.000000 0.483018 0.000000 -0.875610 0.789479 0.789479 0.789479
4394.676270 0.000000 2581.154785 0.000000 0.520264 0.000000 0.854005 0.687120 0.687120 0.687120
4413.482910 0.000000 2569.642822 0.000000 0.062637 0.000000 0.998036 0.636746 0.636746 0.636746
4396.889648 0.000000 2585.245117 0.000000 0.930505 0.000000 -0.366278 0.722020 0.722020 0.722020
4413.250000 0.000000 2575.841064 0.000000 0.815727 0.000000 -0.578437 0.731907 0.731907 0.731907
4407.373535 0.000000 2563.929199 0.000000 0.843809 0.000000 -0.536643 0.709503 0.709503 0.709503
4414.654785 0.000000 2566.277832 0.000000 0.880450 0.000000 0.474139 0.650966 0.650966 0.650966
4395.178223 0.000000 2578.052002 0.000000 0.063379 0.000000 0.997990 0.653637 0.653637 0.653637
4413.055664 0.000000 2592.457275 0.000000 0.998052 0.000000 0.062385 0.696247 0.696247 0.696247
4414.325195 0.000000 2572.765869 0.000000 0.488230 0.000000 0.872715 0.587294 0.587294 0.587294
4396.604492 0.000000 2569.236572 0.000000 0.861944 0.000000 -0.507003 0.727504 0.727504 0.727504
4391.944824 0.000000 2582.056396 0.000000 0.348447 0.000000 -0.937328 0.771336 0.771336 0.771336
4397.314941 0.000000 2579.933594 0.000000 0.330092 0.000000 -0.943949 0.756950 0.756950 0.756950
4390.440430 0.000000 2577.223877 0.000000 0.999950 0.000000 -0.009953 0.700459 0.700459 0.700459
4378.419434 0.000000 2583.621826 0.000000 0.355760 0.000000 -0.934577 0.806316 0.806316 0.806316
4414.349609 0.000000 2577.967529 0.000000 0.036310 0.000000 0.999341 0.601316 0.601316 0.601316
4412.082520 0.000000 2571.819092 0.000000 0.996723 0.000000 -0.080893 0.704076 0.704076 0.704076
4401.656738 0.000000 2580.204590 0.000000 0.019847 0.000000 0.999803 0.550385 0.550385 0.550385
4415.298340 0.000000 2574.735352 0.000000 0.443710 0.000000 0.896170 0.597480 0.597480 0.597480
4412.489258 0.000000 2573.904785 0.000000 0.855941 0.000000 -0.517074 0.731150 0.731150 0.731150
4407.970215 0.000000 2581.563721 0.000000 0.726605 0.000000 -0.687056 0.762477 0.762477 0.762477
4368.396484 0.000000 2584.170410 0.000000 0.020003 0.000000 0.999800 0.587258 0.587258 0.587258
4414.887207 0.000000 2570.770508 0.000000 0.858160 0.000000 -0.513382 0.753515 0.753515 0.753515
4416.962891 0.000000 2575.231445 0.000000 0.588196 0.000000 -0.808719 0.801404 0.801404 0.801404
4438.434570 0.000000 2590.806885 0.000000 0.948054 0.000000 0.318111 0.678728 0.678728 0.678728
4426.842285 0.000000 2560.161865 0.000000 0.266477 0.000000 -0.963841 0.705457 0.705457 0.705457
4432.527344 0.000000 2576.792480 0.000000 0.521552 0.000000 -0.853220 0.850045 0.850045 0.850045
4415.833496 0.000000 2562.668213 0.000000 0.917898 0.000000 0.396816 0.687450 0.687450 0.687450
4442.430664 0.000000 2601.180420 0.000000 0.136484 0.000000 0.990642 0.609790 0.609790 0.609790
4425.136230 0.000000 2569.620361 0.000000 0.685024 0.000000 0.728521 0.617845 0.617845 0.617845
4440.476074 0.000000 2581.707275 0.000000 0.993998 0.000000 0.109401 0.694483 0.694483 0.694483
4435.099609 0.000000 2568.398682 0.000000 0.868103 0.000000 0.496384 0.688381 0.688381 0.688381
4431.666504 0.000000 2585.962646 0.000000 0.989827 0.000000 -0.142279 0.712375 0.712375 0.712375
4424.262207 0.000000 2579.703125 0.000000 0.695538 0.000000 -0.718490 0.788538 0.788538 0.788538
4435.085938 0.000000 2597.594238 0.000000 0.074143 0.000000 0.997248 0.651876 0.651876 0.651876
4446.176758 0.000000 2595.183838 0.000000 0.334747 0.000000 -0.942308 0.741253 0.741253 0.741253
4417.778320 0.000000 2568.836914 0.000000 0.330918 0.000000 0.943659 0.532719 0.532719 0.532719
4431.043945 0.000000 2592.323975 0.000000 0.035986 0.000000 0.999352 0.678542 0.678542 0.678542
4438.188477 0.000000 2573.694824 0.000000 0.992942 0.000000 0.118597 0.699169 0.699169 0.699169
4422.249023 0.000000 2564.062500 0.000000 0.476045 0.000000 0.879421 0.620372 0.620372 0.620372
4449.128418 0.000000 2600.243652 0.000000 0.489087 0.000000 -0.872235 0.708890 0.708890 0.708890
4427.318848 0.000000 2574.803711 0.000000 0.412698 0.000000 -0.910868 0.885753 0.885753 0.885753
4436.963379 0.000000 2585.639160 0.000000 0.845230 0.000000 0.534403 0.654283 0.654283 0.654283
4440.868164 0.000000 2596.105713 0.000000 0.381860 0.000000 -0.924220 0.792305 0.792305 0.792305
4430.200195 0.000000 2570.540039 0.000000 0.866840 0.000000 0.498587 0.654026 0.654026 0.654026
4426.632813 0.000000 2584.446045 0.000000 0.043532 0.000000 -0.999052 0.755515 0.755515 0.755515
4422.285645 0.000000 2574.278564 0.000000 0.783919 0.000000 0.620863 0.595114 0.595114 0.595114
4435.336914 0.000000 2580.853760 0.000000 0.999657 0.000000 0.026195 0.696557 0.696557 0.696557
4429.059082 0.000000 2580.158447 0.000000 0.983709 0.000000 -0.179770 0.722743 0.722743 0.722743
4427.563965 0.000000 2564.981201 0.000000 0.086030 0.000000 -0.996293 0.783026 0.783026 0.783026
4417.805664 0.000000 2579.953369 0.000000 0.270817 0.000000 0.962631 0.656496 0.656496 0.656496
4441.650391 0.000000 2587.214355 0.000000 0.302431 0.000000 0.953171 0.616973 0.616973 0.616973
4445.030762 0.000000 2583.008301 0.000000 0.890219 0.000000 0.455533 0.684130 0.684130 0.684130
4443.029297 0.000000 2591.625244 0.000000 0.149970 0.000000 0.988691 0.594762 0.594762 0.594762
4428.066895 0.000000 2589.008789 0.000000 0.806215 0.000000 0.591623 0.684069 0.684069 0.684069
4446.187500 0.000000 2603.569092 0.000000 0.313599 0.000000 0.949556 0.682499 0.682499 0.682499
4440.746094 0.000000 2577.327393 0.000000 0.633023 0.000000 0.774133 0.686384 0.686384 0.686384
4433.835449 0.000000 2572.683105 0.000000 0.352251 0.000000 0.935905 0.584889 0.584889 0.584889
4435.009277 0.000000 2593.502197 0.000000 0.246806 0.000000 0.969065 0.607629 0.607629 0.607629
4434.410156 0.000000 2589.217773 0.000000 0.782063 0.000000 0.623199 0.645442 0.645442 0.645442
4438.469727 0.000000 2599.914307 0.000000 0.743215 0.000000 -0.669053 0.748160 0.748160 0.748160
4421.448730 0.000000 2570.547119 0.000000 0.490890 0.000000 0.871221 0.535863 0.535863 0.535863
4431.502930 0.000000 2566.930908 0.000000 0.200488 0.000000 -0.979696 0.765072 0.765072 0.765072
4445.556641 0.000000 2598.947510 0.000000 0.725230 0.000000 0.688506 0.639481 0.639481 0.639481
4436.241211 0.000000 2577.218506 0.000000 0.878909 0.000000 0.476989 0.655510 0.655510 0.655510
4418.741699 0.000000 2565.246338 0.000000 0.062609 0.000000 -0.998038 0.841269 0.841269 0.841269
4420.949219 0.000000 2577.697266 0.000000 0.904619 0.000000 -0.426221 0.745553 0.745553 0.745553
4415.581543 0.000000 2571.862549 0.000000 0.864150 0.000000 -0.503235 0.752345 0.752345 0.752345
4432.069336 0.000000 2582.395264 0.000000 0.983593 0.000000 0.180402 0.679458 0.679458 0.679458
4415.485352 0.000000 2566.058838 0.000000 0.215559 0.000000 -0.976491 0.834355 0.834355 0.834355
4421.348633 0.000000 2567.270264 0.000000 0.915379 0.000000 0.402593 0.655974 0.655974 0.655974
4430.616699 0.000000 2574.004395 0.000000 0.014087 0.000000 -0.999901 0.919815 0.919815 0.919815
4418.806152 0.000000 2572.437744 0.000000 0.208004 0.000000 0.978128 0.492558 0.492558 0.492558
4437.679199 0.000000 2595.643066 0.000000 0.997843 0.000000 -0.065645 0.705327 0.705327 0.705327
4424.681641 0.000000 2566.274902 0.000000 0.876736 0.000000 0.480971 0.657209 0.657209 0.657209
4424.607910 0.000000 2576.572998 0.000000 0.902360 0.000000 -0.430982 0.763541 0.763541 0.763541
4427.946777 0.000000 2568.242432 0.000000 0.732919 0.000000 -0.680316 0.767992 0.767992 0.767992
4438.448730 0.000000 2579.412598 0.000000 0.685420 0.000000 -0.728148 0.754734 0.754734 0.754734
4439.979980 0.000000 2584.688965 0.000000 0.032247 0.000000 0.999480 0.579545 0.579545 0.579545
4415.532227 0.000000 2577.952393 0.000000 0.416956 0.000000 -0.908927 0.773360 0.773360 0.773360
4427.339844 0.000000 2571.659424 0.000000 0.401661 0.000000 -0.915788 0.814893 0.814893 0.814893
4429.378906 0.000000 2576.959717 0.000000 0.052976 0.000000 0.998596 0.462338 0.462338 0.462338
4425.122559 0.000000 2563.355469 0.000000 0.981401 0.000000 0.191967 0.693789 0.693789 0.693789
4440.290527 0.000000 2593.046143 0.000000 0.310885 0.000000 0.950447 0.598261 0.598261 0.598261
4438.775391 0.000000 2587.909912 0.000000 0.924304 0.000000 0.381656 0.668247 0.668247 0.668247
4429.503906 0.000000 2583.937988 0.000000 0.996644 0.000000 0.081853 0.692553 0.692553 0.692553
4434.298340 0.000000 2584.265869 0.000000 0.174108 0.000000 0.984727 0.580964 0.580964 0.580964
4437.706055 0.000000 2582.576660 0.000000 0.977067 0.000000 -0.212932 0.718899 0.718899 0.718899
4443.754883 0.000000 2596.706299 0.000000 0.918073 0.000000 0.396411 0.666948 0.666948 0.666948
4431.432129 0.000000 2589.504639 0.000000 0.709542 0.000000 0.704664 0.657365 0.657365 0.657365
4424.068359 0.000000 2582.683350 0.000000 0.053452 0.000000 0.998570 0.649089 0.649089 0.649089
4424.602051 0.000000 2572.467041 0.000000 0.872021 0.000000 0.489468 0.617050 0.617050 0.617050
4445.853516 0.000000 2590.695557 0.000000 0.228781 0.000000 -0.973478 0.759948 0.759948 0.759948
4426.678223 0.000000 2581.632324 0.000000 0.802237 0.000000 -0.597006 0.766188 0.766188 0.766188
4432.502441 0.000000 2579.612305 0.000000 0.485526 0.000000 -0.874222 0.872528 0.872528 0.872528
4426.857422 0.000000 2578.170410 0.000000 0.935978 0.000000 -0.352059 0.747280 0.747280 0.747280
4440.986816 0.000000 2598.856201 0.000000 0.507700 0.000000 -0.861534 0.765322 0.765322 0.765322
4419.694336 0.000000 2575.269043 0.000000 0.129620 0.000000 -0.991564 0.875248 0.875248 0.875248
4443.807617 0.000000 2588.903809 0.000000 0.456330 0.000000 0.889810 0.638657 0.638657 0.638657
4440.971680 0.000000 2589.843994 0.000000 0.923669 0.000000 0.383192 0.668112 0.668112 0.668112
4421.206055 0.000000 2594.755615 0.000000 0.826889 0.000000 -0.562365 0.732564 0.732564 0.732564
4428.640137 0.000000 2586.440918 0.000000 0.447576 0.000000 0.894246 0.650486 0.650486 0.650486
4432.792480 0.000000 2569.664551 0.000000 0.412648 0.000000 -0.910890 0.754448 0.754448 0.754448
4434.659180 0.000000 2575.128174 0.000000 0.626019 0.000000 -0.779808 0.792528 0.792528 0.792528
4443.770508 0.000000 2594.091064 0.000000 0.823523 0.000000 0.567283 0.651088 0.651088 0.651088
4418.233398 0.000000 2577.512695 0.000000 0.819304 0.000000 -0.573359 0.749512 0.749512 0.749512
4437.505371 0.000000 2593.107910 0.000000 0.903767 0.000000 -0.428024 0.735866 0.735866 0.735866
4433.310059 0.000000 2591.411133 0.000000 0.928734 0.000000 0.370748 0.676636 0.676636 0.676636
4434.773438 0.000000 2586.818359 0.000000 0.153344 0.000000 0.988173 0.587092 0.587092 0.587092
4438.583496 0.000000 2576.163574 0.000000 0.145865 0.000000 -0.989305 0.767708 0.767708 0.767708
4435.958984 0.000000 2591.084961 0.000000 0.802839 0.000000 0.596196 0.651777 0.651777 0.651777
4419.994141 0.000000 2563.158203 0.000000 0.557534 0.000000 -0.830154 0.746554 0.746554 0.746554
4444.976563 0.000000 2601.297607 0.000000 0.304736 0.000000 -0.952437 0.779342 0.779342 0.779342
4438.849121 0.000000 2597.669434 0.000000 0.812552 0.000000 -0.582889 0.750459 0.750459 0.750459
4436.650391 0.000000 2588.776123 0.000000 0.680740 0.000000 0.732525 0.633344 0.633344 0.633344
4415.532715 0.000000 2568.624023 0.000000 0.958717 0.000000 -0.284363 0.729428 0.729428 0.729428
4422.971680 0.000000 2568.847656 0.000000 0.319705 0.000000 0.947517 0.564192 0.564192 0.564192
4434.580566 0.000000 2578.722412 0.000000 0.955628 0.000000 0.294576 0.657360 0.657360 0.657360
4443.226074 0.000000 2598.837158 0.000000 0.646296 0.000000 -0.763087 0.770390 0.770390 0.770390
4420.935059 0.000000 2572.661133 0.000000 0.955640 0.000000 0.294536 0.651514 0.651514 0.651514
4431.849121 0.000000 2571.903076 0.000000 0.928303 0.000000 0.371826 0.666444 0.666444 0.666444
4430.581543 0.000000 2578.723633 0.000000 0.622317 0.000000 0.782765 0.554188 0.554188 0.554188
4432.766602 0.000000 2587.844727 0.000000 0.519816 0.000000 -0.854278 0.783047 0.783047 0.783047
4419.957520 0.000000 2569.033447 0.000000 0.243652 0.000000 0.969863 0.529618 0.529618 0.529618
4425.209473 0.000000 2574.464111 0.000000 0.050226 0.000000 -0.998738 0.938093 0.938093 0.938093
4429.319824 0.000000 2572.406738 0.000000 0.782568 0.000000 -0.622565 0.788315 0.788315 0.788315
4432.695801 0.000000 2574.421387 0.000000 0.231215 0.000000 -0.972903 0.857069 0.857069 0.857069
4417.386719 0.000000 2566.745605 0.000000 0.722772 0.000000 0.691086 0.594395 0.594395 0.594395
4429.478516 0.000000 2566.587646 0.000000 0.980973 0.000000 -0.194143 0.713658 0.713658 0.713658
4416.828613 0.000000 2564.459961 0.000000 0.476254 0.000000 -0.879308 0.808151 0.808151 0.808151
4417.477051 0.000000 2570.948975 0.000000 0.500062 0.000000 0.865989 0.563852 0.563852 0.563852
4430.226074 0.000000 2568.444336 0.000000 0.758191 0.000000 0.652033 0.646378 0.646378 0.646378
4422.954102 0.000000 2577.970215 0.000000 0.824241 0.000000 0.566239 0.624261 0.624261 0.624261
4423.452148 0.000000 2570.821045 0.000000 0.999965 0.000000 -0.008321 0.701210 0.701210 0.701210
4426.624023 0.000000 2566.773438 0.000000 0.821886 0.000000 -0.569651 0.749993 0.749993 0.749993
4430.154297 0.000000 2581.968018 0.000000 0.277569 0.000000 -0.960706 0.867665 0.867665 0.867665
4441.777344 0.000000 2594.351563 0.000000 0.754542 0.000000 -0.656251 0.751040 0.751040 0.751040
4436.463379 0.000000 2579.237305 0.000000 0.703472 0.000000 0.710723 0.613794 0.613794 0.613794
4422.759766 0.000000 2565.923340 0.000000 0.956577 0.000000 -0.291479 0.721916 0.721916 0.721916
4420.825195 0.000000 2565.403809 0.000000 0.384203 0.000000 0.923248 0.604604 0.604604 0.604604
4435.688477 0.000000 2582.718750 0.000000 0.980489 0.000000 -0.196575 0.721024 0.721024 0.721024
4416.906738 0.000000 2573.268311 0.000000 0.492278 0.000000 0.870438 0.555304 0.555304 0.555304
4419.327637 0.000000 2567.040527 0.000000 0.347954 0.000000 -0.937512 0.852930 0.852930 0.852930
4422.557129 0.000000 2576.122559 0.000000 0.755769 0.000000 -0.654839 0.789836 0.789836 0.789836
4433.883301 0.000000 2582.064941 0.000000 0.795224 0.000000 -0.606316 0.773769 0.773769 0.773769
4439.424316 0.000000 2594.908447 0.000000 0.997215 0.000000 0.074587 0.693946 0.693946 0.693946
4426.081543 0.000000 2579.852051 0.000000 0.560169 0.000000 0.828379 0.571709 0.571709 0.571709
4428.385742 0.000000 2582.456299 0.000000 0.681945 0.000000 -0.731403 0.774551 0.774551 0.774551
4430.954590 0.000000 2575.944824 0.000000 0.967161 0.000000 0.254163 0.663713 0.663713 0.663713
4432.388672 0.000000 2584.170410 0.000000 0.061606 0.000000 0.998101 0.564967 0.564967 0.564967
4428.191895 0.000000 2570.067871 0.000000 0.522904 0.000000 0.852391 0.595845 0.595845 0.595845
4429.117188 0.000000 2574.980225 0.000000 0.012405 0.000000 0.999923 0.453803 0.453803 0.453803
4437.150391 0.000000 2580.882813 0.000000 0.081196 0.000000 -0.996698 0.852018 0.852018 0.852018
4419.233398 0.000000 2570.684814 0.000000 0.242860 0.000000 0.970061 0.505423 0.505423 0.505423
4442.159180 0.000000 2597.443848 0.000000 0.589013 0.000000 0.808124 0.623700 0.623700 0.623700
4422.761719 0.000000 2572.462402 0.000000 0.815923 0.000000 0.578161 0.600023 0.600023 0.600023
4438.233398 0.000000 2584.332764 0.000000 0.551746 0.000000 -0.834012 0.777222 0.777222 0.777222
4437.858398 0.000000 2577.796631 0.000000 0.887348 0.000000 -0.461100 0.742880 0.742880 0.742880
4433.367188 0.000000 2585.739014 0.000000 0.640370 0.000000 -0.768066 0.778365 0.778365 0.778365
4427.731445 0.000000 2576.475830 0.000000 0.512194 0.000000 0.858870 0.548350 0.548350 0.548350
4426.353516 0.000000 2573.143799 0.000000 0.883154 0.000000 -0.469084 0.773722 0.773722 0.773722
4438.886230 0.000000 2581.071289 0.000000 0.380590 0.000000 -0.924744 0.799013 0.799013 0.799013
4425.376465 0.000000 2567.942871 0.000000 0.567831 0.000000 0.823145 0.617538 0.617538 0.617538
4418.339844 0.000000 2574.174316 0.000000 0.783685 0.000000 -0.621158 0.781520 0.781520 0.781520
4428.628906 0.000000 2578.497803 0.000000 0.177204 0.000000 0.984174 0.495563 0.495563 0.495563
4430.952637 0.000000 2580.494873 0.000000 0.591409 0.000000 0.806372 0.578042 0.578042 0.578042
4425.144531 0.000000 2578.214844 0.000000 1.000000 0.000000 0.000252 0.699972 0.699972 0.699972
4434.402344 0.000000 2576.760254 0.000000 0.335747 0.000000 0.941952 0.538566 0.538566 0.538566
4425.755371 0.000000 2571.315430 0.000000 0.671276 0.000000 0.741207 0.604290 0.604290 0.604290
4415.527832 0.000000 2574.377197 0.000000 0.849531 0.000000 0.527538 0.648724 0.648724 0.648724
4426.732910 0.000000 2569.348633 0.000000 0.461960 0.000000 0.886901 0.600893 0.600893 0.600893
4415.915527 0.000000 2570.199219 0.000000 0.985174 0.000000 0.171556 0.682886 0.682886 0.682886
4423.738281 0.000000 2575.064453 0.000000 0.890901 0.000000 0.454197 0.626175 0.626175 0.626175
4426.118652 0.000000 2576.019287 0.000000 0.766794 0.000000 0.641893 0.597688 0.597688 0.597688
4428.140137 0.000000 2573.467041 0.000000 0.783701 0.000000 0.621138 0.611924 0.611924 0.611924
4433.837402 0.000000 2580.443604 0.000000 0.975488 0.000000 0.220053 0.667430 0.667430 0.667430
4431.010742 0.000000 2583.507813 0.000000 0.604574 0.000000 0.796549 0.594350 0.594350 0.594350
4421.024902 0.000000 2576.171143 0.000000 0.769609 0.000000 -0.638516 0.771651 0.771651 0.771651
4419.814941 0.000000 2573.666748 0.000000 0.940753 0.000000 0.339094 0.647280 0.647280 0.647280
4433.176758 0.000000 2578.172607 0.000000 0.981550 0.000000 -0.191206 0.731201 0.731201 0.731201
4421.395996 0.000000 2568.784180 0.000000 0.410509 0.000000 -0.911856 0.833188 0.833188 0.833188
4418.284668 0.000000 2575.906982 0.000000 0.457144 0.000000 0.889393 0.566690 0.566690 0.566690
4423.648926 0.000000 2573.616455 0.000000 0.522637 0.000000 -0.852556 0.865558 0.865558 0.865558
4431.161621 0.000000 2577.378906 0.000000 0.537446 0.000000 0.843298 0.538677 0.538677 0.538677
4432.449219 0.000000 2581.022949 0.000000 0.896642 0.000000 -0.442756 0.767331 0.767331 0.767331
4420.951172 0.000000 2574.728271 0.000000 0.311593 0.000000 -0.950216 0.870048 0.870048 0.870048
4416.076660 0.000000 2567.297363 0.000000 0.942988 0.000000 0.332828 0.653038 0.653038 0.653038
4420.391602 0.000000 2571.396729 0.000000 0.011472 0.000000 0.999934 0.458016 0.458016 0.458016
4435.682129 0.000000 2576.006592 0.000000 0.133866 0.000000 -0.990999 0.888786 0.888786 0.888786
4431.946777 0.000000 2578.423340 0.000000 0.497862 0.000000 -0.867256 0.870230 0.870230 0.870230
4421.744629 0.000000 2571.747803 0.000000 0.319937 0.000000 0.947439 0.506773 0.506773 0.506773
4463.739258 0.000000 2645.302734 0.000000 0.967499 0.000000 0.252874 0.692852 0.692852 0.692852
4459.262695 0.000000 2663.437988 0.000000 0.969875 0.000000 0.243603 0.693807 0.693807 0.693807
4463.982422 0.000000 2659.199707 0.000000 0.902265 0.000000 -0.431182 0.741759 0.741759 0.741759
4452.852051 0.000000 2649.898193 0.000000 0.982937 0.000000 0.183941 0.690948 0.690948 0.690948
4462.168945 0.000000 2658.409668 0.000000 0.917954 0.000000 0.396688 0.661791 0.661791 0.661791
4448.627441 0.000000 2631.174805 0.000000 0.899869 0.000000 0.436161 0.660879 0.660879 0.660879
4529.814941 0.000000 2683.751953 0.000000 0.065683 0.000000 0.997841 0.609520 0.609520 0.609520
4524.399902 0.000000 2681.581055 0.000000 0.199436 0.000000 -0.979911 0.813007 0.813007 0.813007
4492.059082 0.000000 2652.993164 0.000000 0.464248 0.000000 0.885705 0.645240 0.645240 0.645240
4499.001465 0.000000 2657.486572 0.000000 0.968780 0.000000 0.247921 0.692294 0.692294 0.692294
4521.810059 0.000000 2674.884033 0.000000 0.551142 0.000000 -0.834412 0.730360 0.730360 0.730360
4495.424316 0.000000 2653.489014 0.000000 0.864225 0.000000 -0.503105 0.742011 0.742011 0.742011
4501.497559 0.000000 2657.092285 0.000000 0.907691 0.000000 0.419639 0.658831 0.658831 0.658831
4525.353027 0.000000 2683.866211 0.000000 0.583426 0.000000 -0.812166 0.790111 0.790111 0.790111
4497.302246 0.000000 2655.395508 0.000000 0.827139 0.000000 0.561997 0.666625 0.666625 0.666625
4499.951172 0.000000 2655.069336 0.000000 0.031459 0.000000 -0.999505 0.826973 0.826973 0.826973
4521.377441 0.000000 2687.290527 0.000000 0.194602 0.000000 -0.980882 0.830714 0.830714 0.830714
4493.260254 0.000000 2654.878174 0.000000 0.962275 0.000000 0.272080 0.684205 0.684205 0.684205
4522.623535 0.000000 2676.975342 0.000000 0.999303 0.000000 -0.037326 0.702244 0.702244 0.702244
4527.909668 0.000000 2683.759277 0.000000 0.742846 0.000000 -0.669463 0.765629 0.765629 0.765629
4532.337402 0.000000 2694.646973 0.000000 0.984921 0.000000 0.173008 0.698298 0.698298 0.698298
4522.660645 0.000000 2709.123535 0.000000 0.933676 0.000000 -0.358118 0.704096 0.704096 0.704096
4520.611816 0.000000 2717.498535 0.000000 0.995920 0.000000 0.090235 0.690399 0.690399 0.690399
4520.812012 0.000000 2730.867432 0.000000 0.949036 0.000000 0.315167 0.687897 0.687897 0.687897
4515.466797 0.000000 2724.484375 0.000000 0.277911 0.000000 -0.960607 0.797327 0.797327 0.797327
4521.810059 0.000000 2738.868408 0.000000 0.357156 0.000000 0.934045 0.661234 0.661234 0.661234
4528.509766 0.000000 2693.095703 0.000000 0.863084 0.000000 0.505061 0.685196 0.685196 0.685196
4522.030273 0.000000 2714.780029 0.000000 0.612251 0.000000 -0.790663 0.767569 0.767569 0.767569
4522.359863 0.000000 2711.960693 0.000000 0.967847 0.000000 -0.251540 0.723462 0.723462 0.723462
4515.915039 0.000000 2727.090088 0.000000 0.604920 0.000000 0.796286 0.657503 0.657503 0.657503
4518.381348 0.000000 2731.527100 0.000000 0.496548 0.000000 -0.868009 0.767602 0.767602 0.767602
4522.623535 0.000000 2740.959717 0.000000 0.724669 0.000000 0.689097 0.660674 0.660674 0.660674
4530.672363 0.000000 2693.089600 0.000000 0.897736 0.000000 0.440535 0.675764 0.675764 0.675764
4521.921875 0.000000 2687.946289 0.000000 0.956134 0.000000 -0.292930 0.728263 0.728263 0.728263
4523.140137 0.000000 2713.490234 0.000000 0.048724 0.000000 0.998812 0.548917 0.548917 0.548917
4521.731445 0.000000 2733.545898 0.000000 0.819126 0.000000 -0.573614 0.763203 0.763203 0.763203
"}
