object={
	name="tree_pine_impassable_01_a_generator_1_0"
	clamp_to_water_level=no
	render_under_water=no
	generated_content=yes
	layer="tree_high_layer"
	pdxmesh="tree_pine_impassable_01_a_mesh"
	count=440
	transform="2727.993408 0.000000 2301.393799 0.000000 0.489422 0.000000 0.872047 0.400000 0.400000 0.400000
2652.046631 0.000000 2375.086670 0.000000 0.390677 0.000000 -0.920528 0.400000 0.400000 0.400000
2666.664795 0.000000 2375.368408 0.000000 0.945291 0.000000 -0.326227 0.400000 0.400000 0.400000
2657.468750 0.000000 2388.333740 0.000000 0.994299 0.000000 -0.106625 0.400000 0.400000 0.400000
2716.038818 0.000000 2311.102295 0.000000 0.999999 0.000000 0.001557 0.400000 0.400000 0.400000
2742.725098 0.000000 2304.189697 0.000000 0.900656 0.000000 -0.434532 0.400000 0.400000 0.400000
2730.656982 0.000000 2311.384033 0.000000 0.640577 0.000000 0.767894 0.400000 0.400000 0.400000
2721.460938 0.000000 2324.349365 0.000000 0.999929 0.000000 -0.011923 0.400000 0.400000 0.400000
2746.082520 0.000000 2316.962891 0.000000 0.239025 0.000000 0.971013 0.400000 0.400000 0.400000
2737.430664 0.000000 2316.919189 0.000000 0.597291 0.000000 0.802024 0.400000 0.400000 0.400000
2729.213379 0.000000 2319.849609 0.000000 0.914881 0.000000 -0.403723 0.400000 0.400000 0.400000
2743.043457 0.000000 2323.963867 0.000000 0.840059 0.000000 0.542495 0.400000 0.400000 0.400000
2768.730469 0.000000 2320.854980 0.000000 0.544993 0.000000 -0.838441 0.400000 0.400000 0.400000
2763.036621 0.000000 2341.245605 0.000000 0.995515 0.000000 -0.094607 0.400000 0.400000 0.400000
2751.894531 0.000000 2328.316162 0.000000 0.355653 0.000000 -0.934618 0.400000 0.400000 0.400000
2776.679199 0.000000 2325.769775 0.000000 0.894732 0.000000 0.446604 0.400000 0.400000 0.400000
2767.869873 0.000000 2330.025146 0.000000 0.489226 0.000000 -0.872157 0.400000 0.400000 0.400000
2760.465332 0.000000 2323.765625 0.000000 0.965173 0.000000 0.261611 0.400000 0.400000 0.400000
2735.949951 0.000000 2389.365234 0.000000 0.934343 0.000000 0.356375 0.400000 0.400000 0.400000
2710.645264 0.000000 2398.853760 0.000000 0.967341 0.000000 0.253480 0.400000 0.400000 0.400000
2742.725098 0.000000 2368.174072 0.000000 0.181736 0.000000 -0.983347 0.400000 0.400000 0.400000
2704.738281 0.000000 2384.839355 0.000000 0.006139 0.000000 -0.999981 0.400000 0.400000 0.400000
2695.838867 0.000000 2396.746338 0.000000 0.530166 0.000000 0.847894 0.400000 0.400000 0.400000
2746.082520 0.000000 2380.947266 0.000000 0.830441 0.000000 -0.557106 0.400000 0.400000 0.400000
2753.166260 0.000000 2383.278320 0.000000 0.059662 0.000000 -0.998219 0.400000 0.400000 0.400000
2763.045654 0.000000 2368.208740 0.000000 0.982352 0.000000 0.187044 0.400000 0.400000 0.400000
2752.036621 0.000000 2370.715088 0.000000 0.233935 0.000000 0.972252 0.400000 0.400000 0.400000
2812.121582 0.000000 2411.231445 0.000000 0.926242 0.000000 0.376930 0.400000 0.400000 0.400000
2616.327637 0.000000 2483.760498 0.000000 0.954624 0.000000 0.297813 0.400000 0.400000 0.400000
2644.645752 0.000000 2490.452637 0.000000 0.997280 0.000000 -0.073707 0.400000 0.400000 0.400000
2646.653076 0.000000 2462.838135 0.000000 0.563361 0.000000 0.826210 0.400000 0.400000 0.400000
2625.655518 0.000000 2474.417725 0.000000 0.996354 0.000000 0.085310 0.400000 0.400000 0.400000
2629.241211 0.000000 2489.962158 0.000000 0.854830 0.000000 -0.518908 0.400000 0.400000 0.400000
2631.846680 0.000000 2460.730713 0.000000 0.087801 0.000000 -0.996138 0.400000 0.400000 0.400000
2640.120605 0.000000 2476.764404 0.000000 0.974372 0.000000 -0.224941 0.400000 0.400000 0.400000
2654.994385 0.000000 2487.340088 0.000000 0.173966 0.000000 0.984752 0.400000 0.400000 0.400000
2635.052246 0.000000 2469.214355 0.000000 0.554667 0.000000 -0.832072 0.400000 0.400000 0.400000
2632.240723 0.000000 2481.274414 0.000000 0.663834 0.000000 0.747880 0.400000 0.400000 0.400000
2607.965576 0.000000 2517.333984 0.000000 0.740237 0.000000 0.672346 0.400000 0.400000 0.400000
2588.054443 0.000000 2503.055420 0.000000 0.424836 0.000000 0.905271 0.400000 0.400000 0.400000
2614.740723 0.000000 2496.142822 0.000000 0.928479 0.000000 -0.371385 0.400000 0.400000 0.400000
2602.672607 0.000000 2503.337158 0.000000 0.976694 0.000000 0.214639 0.400000 0.400000 0.400000
2593.476563 0.000000 2516.302490 0.000000 0.995101 0.000000 -0.098867 0.400000 0.400000 0.400000
2618.098145 0.000000 2508.916016 0.000000 0.943903 0.000000 -0.330222 0.400000 0.400000 0.400000
2609.446289 0.000000 2508.872314 0.000000 0.836631 0.000000 -0.547767 0.400000 0.400000 0.400000
2601.229004 0.000000 2511.802734 0.000000 0.865080 0.000000 -0.501633 0.400000 0.400000 0.400000
2625.181885 0.000000 2511.247070 0.000000 0.635190 0.000000 0.772356 0.400000 0.400000 0.400000
2652.046631 0.000000 2503.055420 0.000000 0.978422 0.000000 -0.206615 0.400000 0.400000 0.400000
2635.061279 0.000000 2496.177490 0.000000 0.817201 0.000000 -0.576353 0.400000 0.400000 0.400000
2640.746094 0.000000 2512.808105 0.000000 0.994656 0.000000 -0.103244 0.400000 0.400000 0.400000
2624.052246 0.000000 2498.683838 0.000000 0.678424 0.000000 0.734671 0.400000 0.400000 0.400000
2633.354980 0.000000 2505.635986 0.000000 0.023951 0.000000 -0.999713 0.400000 0.400000 0.400000
2645.254150 0.000000 2495.744629 0.000000 0.608697 0.000000 -0.793403 0.400000 0.400000 0.400000
2744.312012 0.000000 2483.760498 0.000000 0.548204 0.000000 0.836345 0.400000 0.400000 0.400000
2727.993408 0.000000 2493.346924 0.000000 0.869168 0.000000 -0.494517 0.400000 0.400000 0.400000
2733.315186 0.000000 2483.861572 0.000000 0.633987 0.000000 0.773343 0.400000 0.400000 0.400000
2748.222900 0.000000 2492.126953 0.000000 0.514054 0.000000 0.857758 0.400000 0.400000 0.400000
2738.033691 0.000000 2491.798828 0.000000 0.840050 0.000000 0.542508 0.400000 0.400000 0.400000
2772.630127 0.000000 2490.452637 0.000000 0.789017 0.000000 0.614371 0.400000 0.400000 0.400000
2753.639893 0.000000 2474.417725 0.000000 0.532957 0.000000 -0.846142 0.400000 0.400000 0.400000
2788.868652 0.000000 2477.323975 0.000000 0.981702 0.000000 0.190426 0.400000 0.400000 0.400000
2757.225586 0.000000 2489.962158 0.000000 0.869342 0.000000 -0.494212 0.400000 0.400000 0.400000
2768.104980 0.000000 2476.764404 0.000000 0.471495 0.000000 0.881869 0.400000 0.400000 0.400000
2778.633545 0.000000 2473.211670 0.000000 0.458397 0.000000 -0.888747 0.400000 0.400000 0.400000
2775.334961 0.000000 2481.821777 0.000000 0.246197 0.000000 -0.969220 0.400000 0.400000 0.400000
2735.949951 0.000000 2517.333984 0.000000 0.980706 0.000000 -0.195486 0.400000 0.400000 0.400000
2716.038818 0.000000 2503.055420 0.000000 0.436985 0.000000 -0.899469 0.400000 0.400000 0.400000
2742.725098 0.000000 2496.142822 0.000000 0.467798 0.000000 0.883835 0.400000 0.400000 0.400000
2730.656982 0.000000 2503.337158 0.000000 0.544992 0.000000 -0.838441 0.400000 0.400000 0.400000
2746.082520 0.000000 2508.916016 0.000000 0.002784 0.000000 0.999996 0.400000 0.400000 0.400000
2746.941406 0.000000 2521.983643 0.000000 0.352394 0.000000 0.935852 0.400000 0.400000 0.400000
2772.630127 0.000000 2554.437012 0.000000 0.862853 0.000000 0.505454 0.400000 0.400000 0.400000
2753.166260 0.000000 2511.247070 0.000000 0.528147 0.000000 0.849153 0.400000 0.400000 0.400000
2774.637451 0.000000 2526.822510 0.000000 0.840950 0.000000 0.541113 0.400000 0.400000 0.400000
2780.031006 0.000000 2503.055420 0.000000 0.357443 0.000000 0.933935 0.400000 0.400000 0.400000
2806.717285 0.000000 2496.142822 0.000000 0.981127 0.000000 0.193367 0.400000 0.400000 0.400000
2763.045654 0.000000 2496.177490 0.000000 0.889156 0.000000 0.457604 0.400000 0.400000 0.400000
2791.985596 0.000000 2557.331299 0.000000 0.438338 0.000000 0.898810 0.400000 0.400000 0.400000
2768.730469 0.000000 2512.808105 0.000000 0.987882 0.000000 0.155205 0.400000 0.400000 0.400000
2752.036621 0.000000 2498.683838 0.000000 0.979874 0.000000 -0.199617 0.400000 0.400000 0.400000
2761.339355 0.000000 2505.635986 0.000000 0.985168 0.000000 0.171590 0.400000 0.400000 0.400000
2812.215088 0.000000 2556.111328 0.000000 0.736305 0.000000 -0.676649 0.400000 0.400000 0.400000
2802.025879 0.000000 2555.783203 0.000000 0.896413 0.000000 0.443220 0.400000 0.400000 0.400000
2821.217773 0.000000 2425.977783 0.000000 0.975718 0.000000 -0.219030 0.400000 0.400000 0.400000
2836.622314 0.000000 2490.452637 0.000000 0.687757 0.000000 0.725941 0.400000 0.400000 0.400000
2872.296387 0.000000 2483.760498 0.000000 0.355563 0.000000 -0.934652 0.400000 0.400000 0.400000
2838.629639 0.000000 2462.838135 0.000000 0.270822 0.000000 0.962629 0.400000 0.400000 0.400000
2817.632080 0.000000 2474.417725 0.000000 0.741384 0.000000 0.671081 0.400000 0.400000 0.400000
2852.860840 0.000000 2477.323975 0.000000 0.195160 0.000000 -0.980771 0.400000 0.400000 0.400000
2821.217773 0.000000 2489.962158 0.000000 0.261160 0.000000 0.965296 0.400000 0.400000 0.400000
2832.097168 0.000000 2476.764404 0.000000 0.996115 0.000000 -0.088061 0.400000 0.400000 0.400000
2842.625732 0.000000 2473.211670 0.000000 0.056910 0.000000 0.998379 0.400000 0.400000 0.400000
2846.970947 0.000000 2487.340088 0.000000 0.997540 0.000000 0.070102 0.400000 0.400000 0.400000
2861.299561 0.000000 2483.861572 0.000000 0.990214 0.000000 -0.139559 0.400000 0.400000 0.400000
2876.207275 0.000000 2492.126953 0.000000 0.978081 0.000000 -0.208225 0.400000 0.400000 0.400000
2876.113770 0.000000 2475.215820 0.000000 0.973295 0.000000 0.229559 0.400000 0.400000 0.400000
2866.018066 0.000000 2491.798828 0.000000 0.087642 0.000000 0.996152 0.400000 0.400000 0.400000
2839.327148 0.000000 2481.821777 0.000000 0.240147 0.000000 -0.970737 0.400000 0.400000 0.400000
2861.545410 0.000000 2474.706787 0.000000 0.238641 0.000000 0.971108 0.400000 0.400000 0.400000
2868.329590 0.000000 2477.725586 0.000000 0.986878 0.000000 -0.161469 0.400000 0.400000 0.400000
2846.354980 0.000000 2480.073486 0.000000 0.217614 0.000000 -0.976035 0.400000 0.400000 0.400000
2854.608154 0.000000 2483.794678 0.000000 0.992785 0.000000 0.119910 0.400000 0.400000 0.400000
2866.831787 0.000000 2485.971680 0.000000 0.136389 0.000000 -0.990655 0.400000 0.400000 0.400000
2877.823486 0.000000 2482.492432 0.000000 0.873397 0.000000 0.487009 0.400000 0.400000 0.400000
2860.602783 0.000000 2489.627930 0.000000 0.679272 0.000000 0.733887 0.400000 0.400000 0.400000
2858.264893 0.000000 2479.240967 0.000000 0.177506 0.000000 0.984120 0.400000 0.400000 0.400000
2871.310303 0.000000 2489.156738 0.000000 0.530742 0.000000 -0.847534 0.400000 0.400000 0.400000
2879.014893 0.000000 2487.476074 0.000000 0.555933 0.000000 -0.831227 0.400000 0.400000 0.400000
2863.898926 0.000000 2479.605225 0.000000 0.895293 0.000000 0.445478 0.400000 0.400000 0.400000
2885.209961 0.000000 2489.962158 0.000000 0.913775 0.000000 -0.406220 0.400000 0.400000 0.400000
2919.969971 0.000000 2493.346924 0.000000 0.998748 0.000000 -0.050028 0.400000 0.400000 0.400000
2896.089355 0.000000 2476.764404 0.000000 0.880900 0.000000 -0.473303 0.400000 0.400000 0.400000
2910.963135 0.000000 2487.340088 0.000000 0.063503 0.000000 0.997982 0.400000 0.400000 0.400000
2880.149414 0.000000 2482.522949 0.000000 0.708708 0.000000 0.705501 0.400000 0.400000 0.400000
2893.075928 0.000000 2487.854248 0.000000 0.786321 0.000000 -0.617818 0.400000 0.400000 0.400000
2908.152588 0.000000 2494.379639 0.000000 0.992253 0.000000 -0.124234 0.400000 0.400000 0.400000
2897.729736 0.000000 2483.850342 0.000000 0.161781 0.000000 -0.986827 0.400000 0.400000 0.400000
2890.010254 0.000000 2493.104248 0.000000 0.914847 0.000000 0.403801 0.400000 0.400000 0.400000
2896.020996 0.000000 2493.547607 0.000000 0.357980 0.000000 -0.933729 0.400000 0.400000 0.400000
2905.352783 0.000000 2487.197998 0.000000 0.478292 0.000000 0.878201 0.400000 0.400000 0.400000
2884.559814 0.000000 2484.827148 0.000000 0.461521 0.000000 -0.887129 0.400000 0.400000 0.400000
2880.948486 0.000000 2487.952148 0.000000 0.795914 0.000000 -0.605410 0.400000 0.400000 0.400000
2888.909180 0.000000 2486.232910 0.000000 0.652324 0.000000 0.757940 0.400000 0.400000 0.400000
2836.622314 0.000000 2554.437012 0.000000 0.626905 0.000000 -0.779096 0.400000 0.400000 0.400000
2817.158447 0.000000 2511.247070 0.000000 0.758300 0.000000 0.651906 0.400000 0.400000 0.400000
2863.934326 0.000000 2517.333984 0.000000 0.917861 0.000000 -0.396902 0.400000 0.400000 0.400000
2817.632080 0.000000 2538.402100 0.000000 0.462640 0.000000 -0.886546 0.400000 0.400000 0.400000
2870.709473 0.000000 2496.142822 0.000000 0.952393 0.000000 -0.304872 0.400000 0.400000 0.400000
2852.860840 0.000000 2541.308350 0.000000 0.951541 0.000000 0.307523 0.400000 0.400000 0.400000
2827.037842 0.000000 2496.177490 0.000000 0.997273 0.000000 -0.073804 0.400000 0.400000 0.400000
2867.353027 0.000000 2532.225098 0.000000 0.873611 0.000000 0.486625 0.400000 0.400000 0.400000
2821.217773 0.000000 2553.946533 0.000000 0.071519 0.000000 -0.997439 0.400000 0.400000 0.400000
2855.977783 0.000000 2557.331299 0.000000 0.836206 0.000000 0.548415 0.400000 0.400000 0.400000
2832.722656 0.000000 2512.808105 0.000000 0.043624 0.000000 -0.999048 0.400000 0.400000 0.400000
2832.097168 0.000000 2540.748779 0.000000 0.990516 0.000000 0.137396 0.400000 0.400000 0.400000
2858.641357 0.000000 2503.337158 0.000000 0.964625 0.000000 0.263625 0.400000 0.400000 0.400000
2849.445313 0.000000 2516.302490 0.000000 0.896151 0.000000 0.443749 0.400000 0.400000 0.400000
2874.066895 0.000000 2508.916016 0.000000 0.981132 0.000000 -0.193337 0.400000 0.400000 0.400000
2853.004150 0.000000 2528.520996 0.000000 0.619139 0.000000 0.785281 0.400000 0.400000 0.400000
2816.028809 0.000000 2498.683838 0.000000 0.348740 0.000000 -0.937220 0.400000 0.400000 0.400000
2842.625732 0.000000 2537.196045 0.000000 0.379058 0.000000 0.925373 0.400000 0.400000 0.400000
2846.970947 0.000000 2551.324463 0.000000 0.888481 0.000000 0.458913 0.400000 0.400000 0.400000
2851.152100 0.000000 2495.953125 0.000000 0.770447 0.000000 0.637504 0.400000 0.400000 0.400000
2825.331543 0.000000 2505.635986 0.000000 0.616676 0.000000 0.787217 0.400000 0.400000 0.400000
2837.230713 0.000000 2495.744629 0.000000 0.001623 0.000000 -0.999999 0.400000 0.400000 0.400000
2876.207275 0.000000 2556.111328 0.000000 0.538406 0.000000 0.842685 0.400000 0.400000 0.400000
2824.217285 0.000000 2545.258789 0.000000 0.713342 0.000000 -0.700816 0.400000 0.400000 0.400000
2839.327148 0.000000 2545.806152 0.000000 0.993871 0.000000 -0.110550 0.400000 0.400000 0.400000
2861.545410 0.000000 2538.691162 0.000000 0.865281 0.000000 -0.501287 0.400000 0.400000 0.400000
2835.294922 0.000000 2504.414307 0.000000 0.947600 0.000000 0.319458 0.400000 0.400000 0.400000
2865.415039 0.000000 2508.872314 0.000000 0.783370 0.000000 -0.621556 0.400000 0.400000 0.400000
2857.197754 0.000000 2511.802734 0.000000 0.955017 0.000000 0.296552 0.400000 0.400000 0.400000
2861.793945 0.000000 2525.677002 0.000000 0.419802 0.000000 0.907616 0.400000 0.400000 0.400000
2831.862061 0.000000 2521.978271 0.000000 0.372422 0.000000 0.928064 0.400000 0.400000 0.400000
2846.589844 0.000000 2523.649902 0.000000 0.628162 0.000000 -0.778082 0.400000 0.400000 0.400000
2851.178955 0.000000 2506.535400 0.000000 0.699783 0.000000 0.714355 0.400000 0.400000 0.400000
2855.583984 0.000000 2520.974365 0.000000 0.999897 0.000000 0.014362 0.400000 0.400000 0.400000
2844.428711 0.000000 2510.701416 0.000000 0.973504 0.000000 0.228671 0.400000 0.400000 0.400000
2835.281494 0.000000 2533.609863 0.000000 0.940865 0.000000 0.338781 0.400000 0.400000 0.400000
2863.206299 0.000000 2496.818848 0.000000 0.870806 0.000000 -0.491627 0.400000 0.400000 0.400000
2871.027832 0.000000 2515.916992 0.000000 0.719198 0.000000 0.694806 0.400000 0.400000 0.400000
2846.372070 0.000000 2531.199463 0.000000 0.868209 0.000000 -0.496198 0.400000 0.400000 0.400000
2875.320557 0.000000 2501.768066 0.000000 0.785994 0.000000 -0.618234 0.400000 0.400000 0.400000
2868.540283 0.000000 2502.693848 0.000000 0.128701 0.000000 -0.991683 0.400000 0.400000 0.400000
2855.503418 0.000000 2534.829834 0.000000 0.249231 0.000000 -0.968444 0.400000 0.400000 0.400000
2869.175537 0.000000 2525.613525 0.000000 0.130885 0.000000 0.991398 0.400000 0.400000 0.400000
2831.239502 0.000000 2528.339600 0.000000 0.927684 0.000000 0.373366 0.400000 0.400000 0.400000
2838.383789 0.000000 2509.710449 0.000000 0.810923 0.000000 0.585154 0.400000 0.400000 0.400000
2860.871826 0.000000 2531.780273 0.000000 0.927506 0.000000 -0.373808 0.400000 0.400000 0.400000
2877.303467 0.000000 2496.197266 0.000000 0.683955 0.000000 -0.729524 0.400000 0.400000 0.400000
2837.158691 0.000000 2521.654785 0.000000 0.168724 0.000000 0.985663 0.400000 0.400000 0.400000
2841.063232 0.000000 2532.121338 0.000000 0.260737 0.000000 -0.965410 0.400000 0.400000 0.400000
2858.863525 0.000000 2517.170410 0.000000 0.746143 0.000000 -0.665786 0.400000 0.400000 0.400000
2835.531982 0.000000 2516.869385 0.000000 0.322372 0.000000 -0.946613 0.400000 0.400000 0.400000
2863.509277 0.000000 2504.264893 0.000000 0.580334 0.000000 -0.814378 0.400000 0.400000 0.400000
2851.945068 0.000000 2511.940674 0.000000 0.259187 0.000000 0.965827 0.400000 0.400000 0.400000
2862.229004 0.000000 2512.721436 0.000000 0.939151 0.000000 -0.343505 0.400000 0.400000 0.400000
2860.289795 0.000000 2508.049072 0.000000 0.521096 0.000000 -0.853498 0.400000 0.400000 0.400000
2850.750977 0.000000 2520.999756 0.000000 0.233903 0.000000 0.972260 0.400000 0.400000 0.400000
2841.845459 0.000000 2523.229980 0.000000 0.579373 0.000000 0.815063 0.400000 0.400000 0.400000
2854.142578 0.000000 2516.064209 0.000000 0.005345 0.000000 -0.999986 0.400000 0.400000 0.400000
2843.224854 0.000000 2527.640869 0.000000 0.354334 0.000000 0.935119 0.400000 0.400000 0.400000
2877.670410 0.000000 2505.658447 0.000000 0.476438 0.000000 -0.879208 0.400000 0.400000 0.400000
2855.891113 0.000000 2507.425537 0.000000 0.551473 0.000000 -0.834193 0.400000 0.400000 0.400000
2865.557373 0.000000 2528.076660 0.000000 0.524322 0.000000 0.851520 0.400000 0.400000 0.400000
2857.070068 0.000000 2529.823730 0.000000 0.393837 0.000000 0.919181 0.400000 0.400000 0.400000
2900.614502 0.000000 2554.437012 0.000000 0.979308 0.000000 0.202378 0.400000 0.400000 0.400000
2881.150635 0.000000 2511.247070 0.000000 0.943877 0.000000 0.330296 0.400000 0.400000 0.400000
2927.926514 0.000000 2517.333984 0.000000 0.825625 0.000000 -0.564219 0.400000 0.400000 0.400000
2936.288574 0.000000 2547.744873 0.000000 0.739056 0.000000 0.673644 0.400000 0.400000 0.400000
2902.621826 0.000000 2526.822510 0.000000 0.466753 0.000000 0.884388 0.400000 0.400000 0.400000
2908.015381 0.000000 2503.055420 0.000000 0.947781 0.000000 -0.318921 0.400000 0.400000 0.400000
2934.701660 0.000000 2496.142822 0.000000 0.911722 0.000000 0.410809 0.400000 0.400000 0.400000
2916.853027 0.000000 2541.308350 0.000000 0.286562 0.000000 0.958062 0.400000 0.400000 0.400000
2891.030029 0.000000 2496.177490 0.000000 0.039921 0.000000 -0.999203 0.400000 0.400000 0.400000
2931.345215 0.000000 2532.225098 0.000000 0.882152 0.000000 -0.470964 0.400000 0.400000 0.400000
2885.209961 0.000000 2553.946533 0.000000 0.732498 0.000000 0.680769 0.400000 0.400000 0.400000
2919.969971 0.000000 2557.331299 0.000000 0.226051 0.000000 0.974115 0.400000 0.400000 0.400000
2896.714844 0.000000 2512.808105 0.000000 0.060670 0.000000 0.998158 0.400000 0.400000 0.400000
2896.089355 0.000000 2540.748779 0.000000 0.116758 0.000000 -0.993160 0.400000 0.400000 0.400000
2922.633545 0.000000 2503.337158 0.000000 0.952606 0.000000 -0.304206 0.400000 0.400000 0.400000
2913.437500 0.000000 2516.302490 0.000000 0.305124 0.000000 -0.952313 0.400000 0.400000 0.400000
2938.059082 0.000000 2508.916016 0.000000 0.305120 0.000000 0.952314 0.400000 0.400000 0.400000
2938.917969 0.000000 2521.983643 0.000000 0.988771 0.000000 0.149435 0.400000 0.400000 0.400000
2880.020996 0.000000 2498.683838 0.000000 0.046655 0.000000 0.998911 0.400000 0.400000 0.400000
2906.617920 0.000000 2537.196045 0.000000 0.993954 0.000000 0.109798 0.400000 0.400000 0.400000
2910.963135 0.000000 2551.324463 0.000000 0.509299 0.000000 0.860590 0.400000 0.400000 0.400000
2915.144287 0.000000 2495.953125 0.000000 0.361017 0.000000 -0.932559 0.400000 0.400000 0.400000
2889.323730 0.000000 2505.635986 0.000000 0.899593 0.000000 -0.436730 0.400000 0.400000 0.400000
2901.222900 0.000000 2495.744629 0.000000 0.215113 0.000000 0.976589 0.400000 0.400000 0.400000
2940.199463 0.000000 2556.111328 0.000000 0.884906 0.000000 -0.465769 0.400000 0.400000 0.400000
2891.020996 0.000000 2533.198730 0.000000 0.358718 0.000000 -0.933446 0.400000 0.400000 0.400000
2888.209473 0.000000 2545.258789 0.000000 0.999983 0.000000 -0.005773 0.400000 0.400000 0.400000
2904.663574 0.000000 2517.722900 0.000000 0.942940 0.000000 0.332962 0.400000 0.400000 0.400000
2903.319336 0.000000 2545.806152 0.000000 0.260603 0.000000 -0.965446 0.400000 0.400000 0.400000
2899.287109 0.000000 2504.414307 0.000000 0.772144 0.000000 -0.635447 0.400000 0.400000 0.400000
2921.189941 0.000000 2511.802734 0.000000 0.455677 0.000000 0.890145 0.400000 0.400000 0.400000
2925.786133 0.000000 2525.677002 0.000000 0.936021 0.000000 -0.351945 0.400000 0.400000 0.400000
2895.854248 0.000000 2521.978271 0.000000 0.658959 0.000000 -0.752179 0.400000 0.400000 0.400000
2888.449707 0.000000 2515.718750 0.000000 0.749931 0.000000 -0.661516 0.400000 0.400000 0.400000
2893.075928 0.000000 2551.838623 0.000000 0.784871 0.000000 -0.619659 0.400000 0.400000 0.400000
2910.582031 0.000000 2523.649902 0.000000 0.160050 0.000000 -0.987109 0.400000 0.400000 0.400000
2915.171143 0.000000 2506.535400 0.000000 0.329892 0.000000 0.944019 0.400000 0.400000 0.400000
2908.420898 0.000000 2510.701416 0.000000 0.344076 0.000000 0.938942 0.400000 0.400000 0.400000
2899.273682 0.000000 2533.609863 0.000000 0.906471 0.000000 -0.422268 0.400000 0.400000 0.400000
2935.020020 0.000000 2515.916992 0.000000 0.195778 0.000000 0.980648 0.400000 0.400000 0.400000
2908.152588 0.000000 2558.364014 0.000000 0.919982 0.000000 0.391961 0.400000 0.400000 0.400000
2910.364258 0.000000 2531.199463 0.000000 0.875056 0.000000 -0.484021 0.400000 0.400000 0.400000
2910.347168 0.000000 2544.057861 0.000000 0.981214 0.000000 0.192925 0.400000 0.400000 0.400000
2919.495605 0.000000 2534.829834 0.000000 0.206162 0.000000 0.978518 0.400000 0.400000 0.400000
2933.167725 0.000000 2525.613525 0.000000 0.984277 0.000000 0.176632 0.400000 0.400000 0.400000
2918.600342 0.000000 2547.779053 0.000000 0.662136 0.000000 0.749384 0.400000 0.400000 0.400000
2881.965820 0.000000 2504.852539 0.000000 0.993206 0.000000 0.116372 0.400000 0.400000 0.400000
2895.231689 0.000000 2528.339600 0.000000 0.640026 0.000000 0.768354 0.400000 0.400000 0.400000
2902.375977 0.000000 2509.710449 0.000000 0.301278 0.000000 -0.953536 0.400000 0.400000 0.400000
2924.864014 0.000000 2531.780273 0.000000 0.942245 0.000000 0.334925 0.400000 0.400000 0.400000
2909.152832 0.000000 2497.114258 0.000000 0.961748 0.000000 -0.273936 0.400000 0.400000 0.400000
2879.750488 0.000000 2556.462158 0.000000 0.403439 0.000000 0.915006 0.400000 0.400000 0.400000
2886.436768 0.000000 2500.078125 0.000000 0.999832 0.000000 -0.018333 0.400000 0.400000 0.400000
2896.241211 0.000000 2499.145264 0.000000 0.138075 0.000000 0.990422 0.400000 0.400000 0.400000
2897.729736 0.000000 2547.834717 0.000000 0.965027 0.000000 -0.262152 0.400000 0.400000 0.400000
2913.315918 0.000000 2536.259277 0.000000 0.111217 0.000000 0.993796 0.400000 0.400000 0.400000
2890.010254 0.000000 2557.088623 0.000000 0.271007 0.000000 -0.962577 0.400000 0.400000 0.400000
2913.899414 0.000000 2556.543701 0.000000 0.628330 0.000000 -0.777947 0.400000 0.400000 0.400000
2891.506104 0.000000 2510.819336 0.000000 0.627717 0.000000 -0.778442 0.400000 0.400000 0.400000
2896.020996 0.000000 2557.531982 0.000000 0.994936 0.000000 0.100515 0.400000 0.400000 0.400000
2905.352783 0.000000 2551.182373 0.000000 0.216816 0.000000 0.976212 0.400000 0.400000 0.400000
2901.713135 0.000000 2540.013428 0.000000 0.216022 0.000000 -0.976389 0.400000 0.400000 0.400000
2917.075439 0.000000 2501.134766 0.000000 0.911830 0.000000 0.410568 0.400000 0.400000 0.400000
2903.129883 0.000000 2500.693604 0.000000 0.413019 0.000000 0.910722 0.400000 0.400000 0.400000
2885.226074 0.000000 2559.328369 0.000000 0.181917 0.000000 0.983314 0.400000 0.400000 0.400000
2932.099854 0.000000 2520.493164 0.000000 0.798832 0.000000 -0.601554 0.400000 0.400000 0.400000
2901.150879 0.000000 2521.654785 0.000000 0.371388 0.000000 -0.928478 0.400000 0.400000 0.400000
2905.055420 0.000000 2532.121338 0.000000 0.986808 0.000000 -0.161897 0.400000 0.400000 0.400000
2894.387939 0.000000 2506.555664 0.000000 0.001978 0.000000 0.999998 0.400000 0.400000 0.400000
2899.524170 0.000000 2516.869385 0.000000 0.783927 0.000000 -0.620853 0.400000 0.400000 0.400000
2893.632080 0.000000 2545.050049 0.000000 0.986965 0.000000 0.160934 0.400000 0.400000 0.400000
2915.937256 0.000000 2511.940674 0.000000 0.184911 0.000000 -0.982755 0.400000 0.400000 0.400000
2924.281982 0.000000 2508.049072 0.000000 0.996302 0.000000 -0.085923 0.400000 0.400000 0.400000
2914.743164 0.000000 2520.999756 0.000000 0.811573 0.000000 0.584251 0.400000 0.400000 0.400000
2895.016846 0.000000 2536.050537 0.000000 0.991051 0.000000 0.133480 0.400000 0.400000 0.400000
2905.837646 0.000000 2523.229980 0.000000 0.998539 0.000000 0.054031 0.400000 0.400000 0.400000
2909.218262 0.000000 2519.023926 0.000000 0.994826 0.000000 -0.101598 0.400000 0.400000 0.400000
2912.343506 0.000000 2501.435791 0.000000 0.430931 0.000000 -0.902385 0.400000 0.400000 0.400000
2907.217041 0.000000 2527.640869 0.000000 0.996732 0.000000 -0.080785 0.400000 0.400000 0.400000
2903.937744 0.000000 2505.314209 0.000000 0.175088 0.000000 -0.984553 0.400000 0.400000 0.400000
2905.901611 0.000000 2541.776123 0.000000 0.701679 0.000000 -0.712493 0.400000 0.400000 0.400000
2919.883301 0.000000 2507.425537 0.000000 0.924036 0.000000 -0.382305 0.400000 0.400000 0.400000
2925.069092 0.000000 2521.260742 0.000000 0.591460 0.000000 0.806334 0.400000 0.400000 0.400000
2910.374756 0.000000 2539.584717 0.000000 0.999522 0.000000 -0.030919 0.400000 0.400000 0.400000
2904.933594 0.000000 2513.343018 0.000000 0.974720 0.000000 -0.223429 0.400000 0.400000 0.400000
2898.023193 0.000000 2508.698730 0.000000 0.964972 0.000000 -0.262352 0.400000 0.400000 0.400000
2929.347900 0.000000 2523.774170 0.000000 0.701879 0.000000 0.712296 0.400000 0.400000 0.400000
2964.606689 0.000000 2490.452637 0.000000 0.925692 0.000000 0.378277 0.400000 0.400000 0.400000
2949.202148 0.000000 2489.962158 0.000000 0.803781 0.000000 -0.594925 0.400000 0.400000 0.400000
2983.962158 0.000000 2493.346924 0.000000 0.169389 0.000000 0.985549 0.400000 0.400000 0.400000
2974.955322 0.000000 2487.340088 0.000000 0.985766 0.000000 0.168121 0.400000 0.400000 0.400000
2964.606689 0.000000 2554.437012 0.000000 0.996137 0.000000 0.087815 0.400000 0.400000 0.400000
2945.142822 0.000000 2511.247070 0.000000 0.862290 0.000000 -0.506415 0.400000 0.400000 0.400000
2991.918701 0.000000 2517.333984 0.000000 0.995020 0.000000 -0.099673 0.400000 0.400000 0.400000
3000.280762 0.000000 2547.744873 0.000000 0.221424 0.000000 0.975178 0.400000 0.400000 0.400000
2966.614014 0.000000 2526.822510 0.000000 0.804294 0.000000 -0.594232 0.400000 0.400000 0.400000
2972.007568 0.000000 2503.055420 0.000000 0.572050 0.000000 -0.820219 0.400000 0.400000 0.400000
2980.845215 0.000000 2541.308350 0.000000 0.803829 0.000000 0.594860 0.400000 0.400000 0.400000
2955.022217 0.000000 2496.177490 0.000000 0.703225 0.000000 -0.710968 0.400000 0.400000 0.400000
2995.337402 0.000000 2532.225098 0.000000 0.712752 0.000000 0.701416 0.400000 0.400000 0.400000
2949.202148 0.000000 2553.946533 0.000000 0.541019 0.000000 0.841011 0.400000 0.400000 0.400000
2983.962158 0.000000 2557.331299 0.000000 0.979073 0.000000 -0.203509 0.400000 0.400000 0.400000
2960.707031 0.000000 2512.808105 0.000000 0.383091 0.000000 0.923711 0.400000 0.400000 0.400000
2951.807617 0.000000 2524.715088 0.000000 0.993175 0.000000 0.116631 0.400000 0.400000 0.400000
2977.429688 0.000000 2516.302490 0.000000 0.869214 0.000000 0.494435 0.400000 0.400000 0.400000
2980.988525 0.000000 2528.520996 0.000000 0.991802 0.000000 0.127784 0.400000 0.400000 0.400000
2953.315918 0.000000 2505.635986 0.000000 0.023340 0.000000 0.999728 0.400000 0.400000 0.400000
2965.215088 0.000000 2495.744629 0.000000 0.048603 0.000000 0.998818 0.400000 0.400000 0.400000
3004.191650 0.000000 2556.111328 0.000000 0.168843 0.000000 0.985643 0.400000 0.400000 0.400000
3004.098145 0.000000 2539.200195 0.000000 0.879682 0.000000 0.475563 0.400000 0.400000 0.400000
2943.871094 0.000000 2520.269287 0.000000 0.351849 0.000000 0.936057 0.400000 0.400000 0.400000
2968.655762 0.000000 2517.722900 0.000000 0.547722 0.000000 -0.836661 0.400000 0.400000 0.400000
3028.598877 0.000000 2554.437012 0.000000 0.361182 0.000000 -0.932495 0.400000 0.400000 0.400000
3064.272949 0.000000 2547.744873 0.000000 0.983874 0.000000 0.178862 0.400000 0.400000 0.400000
3009.608643 0.000000 2538.402100 0.000000 0.919590 0.000000 -0.392879 0.400000 0.400000 0.400000
3013.194336 0.000000 2553.946533 0.000000 0.953234 0.000000 -0.302234 0.400000 0.400000 0.400000
3047.954346 0.000000 2557.331299 0.000000 0.949630 0.000000 -0.313373 0.400000 0.400000 0.400000
3068.183838 0.000000 2556.111328 0.000000 0.855730 0.000000 -0.517423 0.400000 0.400000 0.400000
2799.942139 0.000000 2581.318359 0.000000 0.160706 0.000000 0.987002 0.400000 0.400000 0.400000
2780.031006 0.000000 2567.039795 0.000000 0.983789 0.000000 0.179332 0.400000 0.400000 0.400000
2806.717285 0.000000 2560.127197 0.000000 0.807308 0.000000 -0.590131 0.400000 0.400000 0.400000
2794.649170 0.000000 2567.321533 0.000000 0.836163 0.000000 0.548482 0.400000 0.400000 0.400000
2787.159912 0.000000 2559.937500 0.000000 0.356036 0.000000 -0.934472 0.400000 0.400000 0.400000
2863.934326 0.000000 2581.318359 0.000000 0.940319 0.000000 -0.340296 0.400000 0.400000 0.400000
2872.296387 0.000000 2611.729248 0.000000 0.935490 0.000000 -0.353354 0.400000 0.400000 0.400000
2844.023193 0.000000 2567.039795 0.000000 0.351955 0.000000 0.936017 0.400000 0.400000 0.400000
2870.709473 0.000000 2560.127197 0.000000 0.991802 0.000000 -0.127787 0.400000 0.400000 0.400000
2852.860840 0.000000 2605.292725 0.000000 0.847762 0.000000 -0.530377 0.400000 0.400000 0.400000
2827.037842 0.000000 2560.161865 0.000000 0.954857 0.000000 -0.297066 0.400000 0.400000 0.400000
2867.353027 0.000000 2596.209473 0.000000 0.385590 0.000000 -0.922670 0.400000 0.400000 0.400000
2855.977783 0.000000 2621.315674 0.000000 0.222481 0.000000 0.974937 0.400000 0.400000 0.400000
2858.641357 0.000000 2567.321533 0.000000 0.473308 0.000000 0.880897 0.400000 0.400000 0.400000
2849.445313 0.000000 2580.286865 0.000000 0.500877 0.000000 0.865518 0.400000 0.400000 0.400000
2874.066895 0.000000 2572.900391 0.000000 0.541212 0.000000 -0.840886 0.400000 0.400000 0.400000
2874.925781 0.000000 2585.968018 0.000000 0.984064 0.000000 -0.177814 0.400000 0.400000 0.400000
2816.028809 0.000000 2562.668213 0.000000 0.991141 0.000000 0.132812 0.400000 0.400000 0.400000
2861.299561 0.000000 2611.830322 0.000000 0.150171 0.000000 -0.988660 0.400000 0.400000 0.400000
2851.152100 0.000000 2559.937500 0.000000 0.125472 0.000000 -0.992097 0.400000 0.400000 0.400000
2837.230713 0.000000 2559.729004 0.000000 0.652351 0.000000 -0.757917 0.400000 0.400000 0.400000
2876.207275 0.000000 2620.095703 0.000000 0.959528 0.000000 -0.281614 0.400000 0.400000 0.400000
2876.113770 0.000000 2603.184570 0.000000 0.601799 0.000000 -0.798647 0.400000 0.400000 0.400000
2866.018066 0.000000 2619.767578 0.000000 0.183353 0.000000 -0.983047 0.400000 0.400000 0.400000
2857.197754 0.000000 2575.787109 0.000000 0.443108 0.000000 -0.896468 0.400000 0.400000 0.400000
2851.178955 0.000000 2570.519775 0.000000 0.553653 0.000000 0.832747 0.400000 0.400000 0.400000
2875.320557 0.000000 2565.752441 0.000000 0.877518 0.000000 -0.479543 0.400000 0.400000 0.400000
2877.303467 0.000000 2560.181641 0.000000 0.909197 0.000000 -0.416366 0.400000 0.400000 0.400000
2900.614502 0.000000 2618.421387 0.000000 0.026847 0.000000 -0.999640 0.400000 0.400000 0.400000
2902.621826 0.000000 2590.806885 0.000000 0.756149 0.000000 0.654399 0.400000 0.400000 0.400000
2908.015381 0.000000 2567.039795 0.000000 0.177867 0.000000 -0.984055 0.400000 0.400000 0.400000
2881.624268 0.000000 2602.386475 0.000000 0.705090 0.000000 0.709118 0.400000 0.400000 0.400000
2934.701660 0.000000 2560.127197 0.000000 0.255743 0.000000 0.966745 0.400000 0.400000 0.400000
2891.030029 0.000000 2560.161865 0.000000 0.999171 0.000000 -0.040709 0.400000 0.400000 0.400000
2885.209961 0.000000 2617.930908 0.000000 0.869599 0.000000 0.493759 0.400000 0.400000 0.400000
2896.714844 0.000000 2576.792480 0.000000 0.548937 0.000000 0.835864 0.400000 0.400000 0.400000
2887.815430 0.000000 2588.699463 0.000000 0.991869 0.000000 -0.127266 0.400000 0.400000 0.400000
2896.089355 0.000000 2604.733154 0.000000 0.780201 0.000000 0.625528 0.400000 0.400000 0.400000
2938.059082 0.000000 2572.900391 0.000000 0.409154 0.000000 0.912465 0.400000 0.400000 0.400000
2880.020996 0.000000 2562.668213 0.000000 0.297942 0.000000 -0.954584 0.400000 0.400000 0.400000
2915.144287 0.000000 2559.937500 0.000000 0.826169 0.000000 0.563422 0.400000 0.400000 0.400000
2889.323730 0.000000 2569.620361 0.000000 0.971157 0.000000 0.238439 0.400000 0.400000 0.400000
2901.222900 0.000000 2559.729004 0.000000 0.151851 0.000000 0.988403 0.400000 0.400000 0.400000
2888.209473 0.000000 2609.243164 0.000000 0.879221 0.000000 0.476414 0.400000 0.400000 0.400000
2879.878906 0.000000 2584.253662 0.000000 0.981376 0.000000 0.192096 0.400000 0.400000 0.400000
2880.362305 0.000000 2593.540771 0.000000 0.976342 0.000000 -0.216231 0.400000 0.400000 0.400000
2899.287109 0.000000 2568.398682 0.000000 0.396370 0.000000 -0.918091 0.400000 0.400000 0.400000
2881.965820 0.000000 2568.836914 0.000000 0.766495 0.000000 0.642250 0.400000 0.400000 0.400000
2909.152832 0.000000 2561.098633 0.000000 0.621950 0.000000 0.783057 0.400000 0.400000 0.400000
2886.436768 0.000000 2564.062500 0.000000 0.999998 0.000000 -0.001820 0.400000 0.400000 0.400000
2896.241211 0.000000 2563.129639 0.000000 0.669773 0.000000 -0.742566 0.400000 0.400000 0.400000
2872.296387 0.000000 2675.713623 0.000000 0.874072 0.000000 -0.485796 0.400000 0.400000 0.400000
2870.709473 0.000000 2624.111572 0.000000 0.287023 0.000000 -0.957924 0.400000 0.400000 0.400000
2867.353027 0.000000 2660.193848 0.000000 0.982980 0.000000 -0.183714 0.400000 0.400000 0.400000
2874.925781 0.000000 2649.952393 0.000000 0.995448 0.000000 -0.095307 0.400000 0.400000 0.400000
2876.113770 0.000000 2667.168945 0.000000 0.928126 0.000000 0.372266 0.400000 0.400000 0.400000
2900.614502 0.000000 2682.405762 0.000000 0.367344 0.000000 -0.930085 0.400000 0.400000 0.400000
2881.150635 0.000000 2639.215820 0.000000 0.558184 0.000000 -0.829717 0.400000 0.400000 0.400000
2927.926514 0.000000 2645.302734 0.000000 0.737200 0.000000 -0.675675 0.400000 0.400000 0.400000
2936.288574 0.000000 2675.713623 0.000000 0.468539 0.000000 0.883443 0.400000 0.400000 0.400000
2902.621826 0.000000 2654.791260 0.000000 0.551491 0.000000 -0.834181 0.400000 0.400000 0.400000
2908.015381 0.000000 2631.024170 0.000000 0.595596 0.000000 -0.803284 0.400000 0.400000 0.400000
2881.624268 0.000000 2666.370850 0.000000 0.989652 0.000000 0.143487 0.400000 0.400000 0.400000
2916.853027 0.000000 2669.277100 0.000000 0.542579 0.000000 -0.840005 0.400000 0.400000 0.400000
2891.030029 0.000000 2624.146240 0.000000 0.996833 0.000000 -0.079526 0.400000 0.400000 0.400000
2931.345215 0.000000 2660.193848 0.000000 0.231033 0.000000 0.972946 0.400000 0.400000 0.400000
2885.209961 0.000000 2681.915283 0.000000 0.995698 0.000000 0.092658 0.400000 0.400000 0.400000
2919.969971 0.000000 2685.300049 0.000000 0.569662 0.000000 -0.821879 0.400000 0.400000 0.400000
2896.714844 0.000000 2640.776855 0.000000 0.236446 0.000000 -0.971645 0.400000 0.400000 0.400000
2887.815430 0.000000 2652.683838 0.000000 0.935982 0.000000 0.352048 0.400000 0.400000 0.400000
2896.089355 0.000000 2668.717529 0.000000 0.176508 0.000000 0.984299 0.400000 0.400000 0.400000
2913.437500 0.000000 2644.271240 0.000000 0.253844 0.000000 0.967245 0.400000 0.400000 0.400000
2916.996338 0.000000 2656.489746 0.000000 0.758209 0.000000 -0.652012 0.400000 0.400000 0.400000
2880.020996 0.000000 2626.652588 0.000000 0.984672 0.000000 -0.174415 0.400000 0.400000 0.400000
2906.617920 0.000000 2665.164795 0.000000 0.987219 0.000000 0.159367 0.400000 0.400000 0.400000
2925.291748 0.000000 2675.814697 0.000000 0.698678 0.000000 -0.715436 0.400000 0.400000 0.400000
2889.323730 0.000000 2633.604736 0.000000 0.318019 0.000000 -0.948084 0.400000 0.400000 0.400000
2930.010254 0.000000 2683.751953 0.000000 0.936687 0.000000 -0.350168 0.400000 0.400000 0.400000
2891.020996 0.000000 2661.167480 0.000000 0.154678 0.000000 0.987965 0.400000 0.400000 0.400000
2888.209473 0.000000 2673.227539 0.000000 0.905548 0.000000 -0.424244 0.400000 0.400000 0.400000
2880.362305 0.000000 2657.525146 0.000000 0.979412 0.000000 0.201872 0.400000 0.400000 0.400000
2904.663574 0.000000 2645.691650 0.000000 0.987695 0.000000 0.156394 0.400000 0.400000 0.400000
2925.537598 0.000000 2666.659912 0.000000 0.732138 0.000000 0.681156 0.400000 0.400000 0.400000
2895.854248 0.000000 2649.947021 0.000000 0.984564 0.000000 0.175026 0.400000 0.400000 0.400000
2910.582031 0.000000 2651.618652 0.000000 0.032801 0.000000 -0.999462 0.400000 0.400000 0.400000
2945.142822 0.000000 2575.231445 0.000000 0.981356 0.000000 0.192199 0.400000 0.400000 0.400000
2991.918701 0.000000 2581.318359 0.000000 0.922701 0.000000 -0.385517 0.400000 0.400000 0.400000
2972.007568 0.000000 2567.039795 0.000000 0.478317 0.000000 -0.878187 0.400000 0.400000 0.400000
2998.693848 0.000000 2560.127197 0.000000 0.999888 0.000000 -0.014950 0.400000 0.400000 0.400000
2955.022217 0.000000 2560.161865 0.000000 0.762985 0.000000 0.646416 0.400000 0.400000 0.400000
2960.707031 0.000000 2576.792480 0.000000 0.936721 0.000000 -0.350076 0.400000 0.400000 0.400000
2986.625732 0.000000 2567.321533 0.000000 0.042825 0.000000 0.999083 0.400000 0.400000 0.400000
3002.051270 0.000000 2572.900391 0.000000 0.816886 0.000000 0.576800 0.400000 0.400000 0.400000
2944.013184 0.000000 2562.668213 0.000000 0.994814 0.000000 0.101711 0.400000 0.400000 0.400000
2979.136475 0.000000 2559.937500 0.000000 0.022583 0.000000 0.999745 0.400000 0.400000 0.400000
2953.315918 0.000000 2569.620361 0.000000 0.278810 0.000000 0.960346 0.400000 0.400000 0.400000
2965.215088 0.000000 2559.729004 0.000000 0.840137 0.000000 0.542374 0.400000 0.400000 0.400000
3009.135010 0.000000 2575.231445 0.000000 0.777763 0.000000 0.628557 0.400000 0.400000 0.400000
3055.910889 0.000000 2581.318359 0.000000 0.875678 0.000000 0.482895 0.400000 0.400000 0.400000
3030.606201 0.000000 2590.806885 0.000000 0.265716 0.000000 -0.964051 0.400000 0.400000 0.400000
3035.999756 0.000000 2567.039795 0.000000 0.068817 0.000000 0.997629 0.400000 0.400000 0.400000
3062.686035 0.000000 2560.127197 0.000000 0.733565 0.000000 -0.679619 0.400000 0.400000 0.400000
3044.837402 0.000000 2605.292725 0.000000 0.529586 0.000000 0.848256 0.400000 0.400000 0.400000
3019.014404 0.000000 2560.161865 0.000000 0.988847 0.000000 -0.148935 0.400000 0.400000 0.400000
3059.329590 0.000000 2596.209473 0.000000 0.820331 0.000000 0.571889 0.400000 0.400000 0.400000
3024.699219 0.000000 2576.792480 0.000000 0.537778 0.000000 0.843086 0.400000 0.400000 0.400000
3050.617920 0.000000 2567.321533 0.000000 0.998794 0.000000 0.049093 0.400000 0.400000 0.400000
3041.421875 0.000000 2580.286865 0.000000 0.998183 0.000000 -0.060255 0.400000 0.400000 0.400000
3066.043457 0.000000 2572.900391 0.000000 0.009136 0.000000 -0.999958 0.400000 0.400000 0.400000
3044.980713 0.000000 2592.505371 0.000000 0.189987 0.000000 0.981787 0.400000 0.400000 0.400000
3008.005371 0.000000 2562.668213 0.000000 0.188764 0.000000 -0.982023 0.400000 0.400000 0.400000
3043.128662 0.000000 2559.937500 0.000000 0.984548 0.000000 -0.175115 0.400000 0.400000 0.400000
3017.308105 0.000000 2569.620361 0.000000 0.436861 0.000000 -0.899529 0.400000 0.400000 0.400000
3027.271484 0.000000 2568.398682 0.000000 0.071737 0.000000 -0.997424 0.400000 0.400000 0.400000
3057.391602 0.000000 2572.856689 0.000000 0.151045 0.000000 -0.988527 0.400000 0.400000 0.400000
3049.174316 0.000000 2575.787109 0.000000 0.020310 0.000000 -0.999794 0.400000 0.400000 0.400000
2945.616455 0.000000 2666.370850 0.000000 0.719202 0.000000 0.694801 0.400000 0.400000 0.400000
2870.709473 0.000000 2688.095947 0.000000 0.919956 0.000000 0.392021 0.400000 0.400000 0.400000
2934.701660 0.000000 2688.095947 0.000000 0.090396 0.000000 -0.995906 0.400000 0.400000 0.400000
2891.030029 0.000000 2688.130615 0.000000 0.178287 0.000000 0.983979 0.400000 0.400000 0.400000
2880.020996 0.000000 2690.636963 0.000000 0.013236 0.000000 0.999912 0.400000 0.400000 0.400000
3092.591064 0.000000 2490.452637 0.000000 0.856730 0.000000 -0.515766 0.400000 0.400000 0.400000
3092.591064 0.000000 2554.437012 0.000000 0.996048 0.000000 -0.088814 0.400000 0.400000 0.400000
3094.598389 0.000000 2526.822510 0.000000 0.260611 0.000000 -0.965444 0.400000 0.400000 0.400000
3099.991943 0.000000 2503.055420 0.000000 0.585529 0.000000 0.810651 0.400000 0.400000 0.400000
3073.600830 0.000000 2538.402100 0.000000 0.961789 0.000000 -0.273792 0.400000 0.400000 0.400000
3077.186523 0.000000 2553.946533 0.000000 0.888989 0.000000 0.457928 0.400000 0.400000 0.400000
3088.691406 0.000000 2512.808105 0.000000 0.657598 0.000000 0.753369 0.400000 0.400000 0.400000
3079.791992 0.000000 2524.715088 0.000000 0.573044 0.000000 -0.819525 0.400000 0.400000 0.400000
3088.065918 0.000000 2540.748779 0.000000 0.377629 0.000000 -0.925957 0.400000 0.400000 0.400000
3105.414063 0.000000 2516.302490 0.000000 0.642805 0.000000 0.766030 0.400000 0.400000 0.400000
3080.186035 0.000000 2545.258789 0.000000 0.994665 0.000000 -0.103161 0.400000 0.400000 0.400000
3096.640137 0.000000 2517.722900 0.000000 0.962632 0.000000 -0.270813 0.400000 0.400000 0.400000
3073.127197 0.000000 2575.231445 0.000000 0.872461 0.000000 0.488683 0.400000 0.400000 0.400000
3083.006592 0.000000 2560.161865 0.000000 0.158084 0.000000 0.987426 0.400000 0.400000 0.400000
3071.997559 0.000000 2562.668213 0.000000 0.498810 0.000000 -0.866712 0.400000 0.400000 0.400000
"}
