object={
	name="bridge 01"
	clamp_to_water_level=no
	render_under_water=yes
	generated_content=no
	layer="temp_layer"
	pdxmesh="bridge_01_mesh"
	count=6
	transform="4423.768066 2.850586 1942.396851 0.000000 0.260509 0.000000 0.965471 2.917139 2.917139 2.917139
4204.810059 0.721191 1926.547974 0.000000 0.403226 0.000000 0.915101 3.382336 3.382336 3.382336
3416.788818 0.000000 2136.253906 0.000000 0.169045 0.000000 0.985608 1.705469 1.705469 1.705469
3751.548340 1.282715 1459.096191 0.000000 0.442244 0.000000 0.896895 2.131738 2.131738 2.131738
3748.145752 2.183960 1412.276978 0.000000 -0.214656 0.000000 0.976690 2.648866 2.648866 2.648866
3531.365234 0.000000 2062.500732 0.000000 0.000000 0.000000 1.000000 1.701148 1.701148 1.701148
"}
