object={
	name="env_coast_foam_l"
	clamp_to_water_level=yes
	render_under_water=yes
	generated_content=no
	layer="coast_foam_layer"
	entity="env_coast_foam_l"
	count=0
}
object={
	name="env_coast_foam_m"
	clamp_to_water_level=yes
	render_under_water=yes
	generated_content=no
	layer="coast_foam_layer"
	entity="env_coast_foam_m"
	count=1
	transform="288.536652 0.000000 3985.506592 0.000000 -0.894699 0.000000 0.446669 1.000000 1.000000 1.000000
"}
object={
	name="env_coast_foam_s"
	clamp_to_water_level=yes
	render_under_water=yes
	generated_content=no
	layer="coast_foam_layer"
	entity="env_coast_foam_s"
	count=15
	transform="1850.778320 0.000000 3983.893066 0.000000 0.937384 0.000000 0.348297 1.000000 1.000000 1.000000
1871.524414 0.000000 4008.937256 0.000000 -0.927479 0.000000 -0.373875 1.000000 1.000000 1.000000
1984.435547 0.000000 4042.825195 0.000000 -0.998080 0.000000 -0.061931 1.000000 1.000000 1.000000
2010.607422 0.000000 4048.708496 0.000000 0.988943 0.000000 0.148296 1.000000 1.000000 1.000000
2047.375610 0.000000 4043.534424 0.000000 0.987478 0.000000 -0.157759 1.000000 1.000000 1.000000
2101.378906 0.000000 4028.997803 0.000000 0.913917 0.000000 0.405901 1.000000 1.000000 1.000000
2120.113281 0.000000 4051.153564 0.000000 0.933277 0.000000 0.359159 1.000000 1.000000 1.000000
2151.339355 0.000000 4039.049805 0.000000 0.855581 0.000000 0.517669 1.000000 1.000000 1.000000
2142.250488 0.000000 4050.767822 0.000000 0.714358 0.000000 -0.699780 1.000000 1.000000 1.000000
2194.503906 0.000000 4058.463135 0.000000 -0.999806 0.000000 0.019709 1.000000 1.000000 1.000000
2225.242432 0.000000 4001.717285 0.000000 -0.996022 0.000000 0.089111 1.000000 1.000000 1.000000
2254.485596 0.000000 3993.690430 0.000000 0.985400 0.000000 -0.170253 1.000000 1.000000 1.000000
2339.191406 0.000000 3974.158936 0.000000 0.994678 0.000000 -0.103032 1.000000 1.000000 1.000000
244.537857 0.000000 3994.767578 0.000000 0.943971 0.000000 0.330028 1.000000 1.000000 1.000000
210.501129 0.000000 3969.069824 0.000000 0.934785 0.000000 0.355214 1.000000 1.000000 1.000000
"}
